1.0 0.09626233731763079
1.0 1.78392250876684
1.0 0.7069100697060062
1.0 1.349819524066663
1.0 -0.9577095756666569
1.0 -0.13445887436886705
1.0 0.6784792510349908
1.0 0.2051335001635579
1.0 2.3366333424048316
1.0 0.3726814802052967
1.0 0.1978163278218774
1.0 -1.1106132603989565
1.0 0.6456485627542041
1.0 0.9374463286410625
1.0 1.5236212290977584
1.0 -1.3790405726374724
1.0 0.6294246126620067
1.0 0.8811034112454164
1.0 0.9955037209363224
1.0 0.9898735629975315
1.0 -0.2569472710770211
1.0 -0.17113363214827748
1.0 1.5695715419144622
1.0 -1.4243286246751548
1.0 2.0236747028354096
1.0 2.3790830165201933
1.0 1.4721187807009803
1.0 0.6199831596680101
1.0 2.6646109976719874
1.0 0.5754910672494602
1.0 1.332440333123452
1.0 0.24235366057298102
1.0 1.8427542136726602
1.0 0.9158109879226285
1.0 -0.6688804954857472
1.0 -0.9056116886556329
1.0 1.7210481007991913
1.0 2.2930204780963392
1.0 -0.6136417067813951
1.0 0.18105011565491602
1.0 1.3495675936940519
1.0 -0.4219426184832846
1.0 0.2135406742986945
1.0 2.078689336459714
1.0 -0.8456707209565213
1.0 1.1459895850029902
1.0 0.93959698906748
1.0 0.4965178064917113
1.0 1.0422707187369047
1.0 -0.083062270750909
1.0 0.5133710781261438
1.0 0.5603939717635247
1.0 -0.36167471391545103
1.0 1.4538204358620566
1.0 0.6983674191398286
1.0 0.9333779175971267
1.0 0.2021663328723451
1.0 0.43286658737541184
1.0 3.6658019951592067
1.0 0.14194311960819062
1.0 2.7859178729286533
1.0 0.09773842526502574
1.0 0.7904911219636463
1.0 -0.8564322188081648
1.0 -0.30506422003306577
1.0 0.608347384636706
1.0 -0.36477879403211233
1.0 1.5210864873209395
1.0 1.7324816143553567
1.0 0.3824168988821497
1.0 1.3537541940306406
1.0 1.5264638618315054
1.0 -1.0414961084827938
1.0 -0.31252874951350185
1.0 -0.8812845419717568
1.0 -0.7618920390259114
1.0 -0.07120711471301022
1.0 -0.4398979025077985
1.0 1.3351548377099376
1.0 1.6143122601950988
1.0 1.0324144388571537
1.0 0.6257346362136231
1.0 0.33290630619033146
1.0 -0.6386840054230238
1.0 0.1643425146570665
1.0 1.5098569460567088
1.0 -0.4070042172750705
1.0 -0.4922649999763946
1.0 0.8547191934001444
1.0 0.20864968772559367
1.0 -0.37059192444325895
1.0 -0.09522618786105252
1.0 1.918623104216405
1.0 -0.7693922565569364
1.0 0.4908412027222824
1.0 0.4204471897343678
1.0 0.7324837864692881
1.0 -0.5368569144958717
1.0 2.4617411040068893
1.0 0.5282602909776815
1.0 0.5513276375840734
1.0 0.20195558156144267
1.0 -0.9773929614632162
1.0 -0.4082039976359537
1.0 -0.4278740422223706
1.0 1.4687869650725447
1.0 2.534153267153581
1.0 2.3699588794450532
1.0 0.3958388456193698
1.0 0.5394949577875674
1.0 1.6638434889681677
1.0 0.18923060255914037
1.0 2.2572258221838775
1.0 -0.10767640659398059
1.0 -0.784144386934555
1.0 0.4862520527477767
1.0 0.2238874116428724
1.0 1.1571608193982224
1.0 -0.09233566352553502
1.0 0.7318453730978602
1.0 0.32080306547871307
1.0 -0.5747392916218952
1.0 3.6031321967588292
1.0 -0.5223507026618486
1.0 -1.020134014379305
1.0 -0.34466151747570883
1.0 -0.8846582160456058
1.0 0.23743543574409398
1.0 1.113613551502621
1.0 1.6847090960947095
1.0 -0.17299074105422418
1.0 2.803524827688774
1.0 1.6894443506219257
1.0 1.3357825089660738
1.0 1.8211915067342086
1.0 2.554585578449502
1.0 0.132264678909227
1.0 2.8584202061617705
1.0 1.3941827582321746
1.0 -0.7886697127884554
1.0 0.4612390118478764
1.0 -0.5589048418206497
1.0 2.3385510646287666
1.0 -0.021195097617041858
1.0 1.2301089249654293
1.0 0.7100631437755376
1.0 -0.8993293268093789
1.0 0.4230019766759625
1.0 0.5469796826468125
1.0 -0.7641044061300128
1.0 1.4146028494551415
1.0 0.9391173997146963
1.0 2.3686158454428483
1.0 -1.02748225639378
1.0 -0.18219204872159622
1.0 -1.3476745505376049
1.0 0.09091122697527765
1.0 -1.0342322073492163
1.0 1.051766737209207
1.0 0.45540326217496285
1.0 -1.1079713949706216
1.0 1.6714179078611546
1.0 -0.3311934964635923
1.0 0.46653151861846553
1.0 1.5427691778805241
1.0 0.8244416210482868
1.0 0.6019925451390826
1.0 1.3216404028557398
1.0 0.6125925193813166
1.0 1.28519626344284
1.0 1.3359177926543218
1.0 0.1827865810837126
1.0 0.9241416471484134
1.0 0.369952621985963
1.0 0.2726497514446746
1.0 1.3812755655133686
1.0 -0.10967569896806828
1.0 2.299900941558501
1.0 1.8226551180306159
1.0 3.08328878716258
1.0 1.8348244015171227
1.0 1.1097454827234667
1.0 0.21787037730379066
1.0 0.8207703836975742
1.0 1.5599662027347927
1.0 -1.311611635055073
1.0 -0.3867998986472365
1.0 -0.9025004618184398
1.0 1.4327477919601503
1.0 0.5701209771172671
1.0 0.06375770636987732
1.0 -0.04539268798042406
1.0 -0.6479687348444494
1.0 0.8425154861740578
1.0 1.6754105592234378
1.0 0.7172689977023023
1.0 1.5839804347122792
1.0 0.7140120277794513
1.0 0.40860506288012544
1.0 1.7758809576485712
1.0 0.17153696924576445
1.0 2.0925460168914536
1.0 0.2715936776268435
1.0 1.654723644334934
1.0 -0.002372453635073102
1.0 2.6789296984428974
1.0 0.1883724968559075
1.0 1.4504632645190878
1.0 -0.07013029970086193
1.0 0.28332074227537807
1.0 2.8124971963605176
1.0 0.6230846260086067
1.0 0.30265199171599977
1.0 0.1930740591058877
1.0 -0.2584495317619244
1.0 0.539755146817587
1.0 0.7225112287483921
1.0 1.1187925536247465
1.0 0.31475640835528096
1.0 -1.2151427737346219
1.0 0.9083410607672079
1.0 2.7949147839061825
1.0 -0.07900865324708328
1.0 0.4302833992052335
1.0 -0.9761271642046552
1.0 -0.19558579179430913
1.0 1.015646541663069
1.0 0.9898590543197776
1.0 0.987933112239815
1.0 3.3989003625155454
1.0 3.0966027513234806
1.0 1.4194925174930804
1.0 1.8429004952813315
1.0 1.4072257446923742
1.0 0.8919929752167577
1.0 0.7711228183932342
1.0 1.6146710405135103
1.0 3.104623697744998
1.0 -0.014872629326584397
1.0 0.6578192378747769
1.0 0.5876248099096621
1.0 0.2713672559628171
1.0 0.1972487163499428
1.0 0.33284063545747133
1.0 2.377924471999469
1.0 1.940511582814909
1.0 -0.009276076950482492
1.0 3.5286101284287112
1.0 0.9749422913189136
1.0 -0.17081463209439685
1.0 -0.8224517802283637
1.0 -0.4299865841414663
1.0 0.08939417647412795
1.0 -0.9221837740817516
1.0 2.384064176861889
1.0 -1.4599793817877478
1.0 1.1074624525711039
1.0 1.4207373836031771
1.0 2.1190394170726043
1.0 1.0115037406304885
1.0 1.700679794942026
1.0 -0.47084007194208155
1.0 1.5606569495483296
1.0 0.14726609456594186
1.0 0.7344534512317602
1.0 1.804873044358284
1.0 -0.15864648563609274
1.0 -0.4470266335833841
1.0 1.158548840109704
1.0 1.6174561343503928
1.0 0.7523819635911506
1.0 -1.2854180922487992
1.0 0.4246327524675193
1.0 1.693712690764936
1.0 0.35207474119484905
1.0 -0.5081110413883385
1.0 0.3290099696395383
1.0 0.5108870394586702
1.0 0.9165663006480919
1.0 0.7316792234163652
1.0 1.5822263956548104
1.0 0.6339329331901702
1.0 0.2872001898942014
1.0 -1.2661078388292255
1.0 -0.6753249048886731
1.0 1.9101183279442575
1.0 -0.4275957804868584
1.0 0.7657991103820563
1.0 0.5480164716593172
1.0 0.30047618999875225
1.0 0.39787960535663625
1.0 1.3301385988873131
1.0 -1.219574626259099
1.0 0.6134835937564997
1.0 0.040294072245815604
1.0 -0.548655619792553
1.0 2.1205699843533052
1.0 1.111665600234363
1.0 0.4715777694045771
1.0 1.0581801560153505
1.0 1.3272736281485078
1.0 0.6656810645658473
1.0 -1.4619245466088984
1.0 -0.20893436998156867
1.0 1.2496284859652322
1.0 0.6287136109504459
1.0 1.30626571736475
1.0 1.00000006445919
1.0 -1.0762134721933294
1.0 1.4316863255048837
1.0 0.8089438073096558
1.0 -0.08708647056861651
1.0 -1.0065533056349154
1.0 2.590359200305915
1.0 -0.04962129641821278
1.0 0.775819308925622
1.0 -1.2608017974548815
1.0 0.18157661201145214
1.0 -1.3372618673452745
1.0 0.3279927549201247
1.0 1.028925938190958
1.0 -0.311921565271418
1.0 0.34833132632529984
1.0 -0.9650948512804258
1.0 1.825272209980177
1.0 0.7769268754380654
1.0 -0.24092539979740213
1.0 0.5072191714778327
1.0 0.16610899770634346
1.0 0.2757923143173542
1.0 -0.21443623389622424
1.0 1.582498325222342
1.0 -0.674346355459631
1.0 -0.7342704571812209
1.0 1.8581981276940287
1.0 1.676276137265615
1.0 0.037837426455780365
1.0 -0.529592314760047
1.0 1.088468277968606
1.0 -0.14416726645305777
1.0 -1.234225475264326
1.0 2.1183948789655407
1.0 3.220359934132966
1.0 0.32882520020301365
1.0 1.2229276912548972
1.0 2.074345274624024
1.0 0.8067503291967186
1.0 -0.8243788144683326
1.0 -0.05497113938602971
1.0 -0.4749285610550933
1.0 0.8394530578782653
1.0 -0.6801198757166675
1.0 -0.3245933159958887
1.0 -0.18710095574107966
1.0 1.3027192408619817
1.0 0.8357090739813708
1.0 -1.0931101725570471
1.0 -0.49129498692057005
1.0 1.49826597354247
1.0 3.305328728006381
1.0 -0.4467621743543697
1.0 0.9362140009448383
1.0 2.0163288362486407
1.0 1.1270950651996114
1.0 -1.7278354280849926
1.0 2.635832372909011
1.0 -0.405465579977939
1.0 0.47059974432038376
1.0 -0.3174441329032671
1.0 1.5395104495533438
1.0 -0.5942136815067407
1.0 -1.656479255016968
1.0 0.9038630905318803
1.0 1.4471452366402362
1.0 1.9496327611725208
1.0 0.0068856049524030905
1.0 0.56707272365908
1.0 0.8942286545882036
1.0 0.015447718024467205
1.0 0.00572440493264037
1.0 -0.2975585949996318
1.0 0.6376261074162095
1.0 0.13421008546338764
1.0 1.9429450301377942
1.0 -0.027259505812293083
1.0 0.10616269705163917
1.0 2.0950517188151974
1.0 -1.0009005056468063
1.0 -0.8480536662735529
1.0 -0.04613606531356518
1.0 1.8992075692131434
1.0 0.47059483811800695
1.0 0.127704513721006
1.0 1.5080782409403009
1.0 2.9384297502858674
1.0 -0.1528009490740847
1.0 0.23008881218792654
1.0 0.9850788964855351
1.0 1.2446422279580036
1.0 1.7051221499611833
1.0 1.0027490434004411
1.0 0.08847486100297597
1.0 1.9304396403179944
1.0 0.5974082977752471
1.0 3.144156296771505
1.0 0.009284182791796214
1.0 -1.4262016891408882
1.0 0.9879123441056163
1.0 -1.0641385364641427
1.0 0.7592965349114718
1.0 0.4459411580850261
1.0 1.009213406577647
1.0 3.0573136560428047
1.0 1.854370578397122
1.0 0.5013242089041141
1.0 1.349711393146234
1.0 -0.57806239544467
1.0 1.2952419398430082
1.0 0.5952074518756423
1.0 0.4091059544092117
1.0 -0.5896532273061008
1.0 0.19058442674961307
1.0 2.5221840984029216
1.0 2.2783332471122644
1.0 -0.8837913381305831
1.0 0.7101678789059558
1.0 -0.6391276591490618
1.0 -0.13796273245317137
1.0 2.272847068112385
1.0 -0.6908590187165826
1.0 -0.2569612004968991
1.0 0.6068918959392111
1.0 1.1770239844360542
1.0 0.12844449797008495
1.0 -0.1323753694936487
1.0 0.2962249487823929
1.0 2.854384447692503
1.0 0.2963357927635022
1.0 -0.5345262461201803
1.0 -0.036862462068004254
1.0 -1.0586999188367514
1.0 2.3935501205068044
1.0 3.090945150597058
1.0 -0.21681848415681548
1.0 0.5586635810905012
1.0 1.414112866577887
1.0 0.2837069216787713
1.0 1.3205877104422583
1.0 1.3183256997026758
1.0 -0.29367659279673575
1.0 -0.4224383813318209
1.0 -0.08542868096301404
1.0 1.0318585591421394
1.0 -0.5517415796916723
1.0 0.887443128316141
1.0 0.6535494102254904
1.0 1.5426437531703976
1.0 0.0992372766025198
1.0 0.7934928267853747
1.0 1.3016519487043743
1.0 -0.8383261010840233
1.0 1.228622563856441
1.0 1.2716698170179308
1.0 -0.5567776900908066
1.0 1.565405341346036
1.0 1.383423432629363
1.0 0.5143419685168269
1.0 -0.8069477136641727
1.0 -1.3761869386354313
1.0 -1.990524089937432
1.0 -0.8083559683936232
1.0 -0.8462711068065931
1.0 0.16012215147866304
1.0 0.023074919460668086
1.0 0.94740197481129
1.0 0.43361214534262627
1.0 2.2799337975003215
1.0 0.16709863398919755
1.0 -0.6432681745331594
1.0 0.5494970524842262
1.0 -1.782309214457816
1.0 0.7772099598227244
1.0 -0.06657820580959961
1.0 1.4087223518820768
1.0 -1.7427582513455273
1.0 0.22562218828956992
1.0 1.898496285305183
1.0 -0.7154654408978955
1.0 0.776651167091116
1.0 1.2689103527010617
1.0 0.20558328977518925
1.0 0.09753490901202677
1.0 1.4448580299488614
1.0 -1.119685757159718
1.0 1.7154956428957087
1.0 -0.7363790929308536
1.0 -1.0279712813431234
1.0 -0.7228911233045712
1.0 0.5738949777164297
1.0 2.2892101634852486
1.0 0.4254124484364781
1.0 0.9917371483620694
1.0 -0.5738948488631812
1.0 1.3192252787113254
1.0 -0.7859007715829849
1.0 1.1011208352543629
1.0 1.1610184682210738
1.0 0.2312928667219698
1.0 1.6121033357740118
1.0 -0.17268388265743218
1.0 1.7376905349382012
1.0 2.211234832553006
1.0 1.427172293965445
1.0 0.2977986238373791
1.0 -1.2424494565972721
1.0 -0.6449445154668942
1.0 -1.186054990238122
1.0 0.6192027873860961
1.0 1.9910664524498662
1.0 3.4095709639044256
1.0 0.6478265499969873
1.0 1.4508650029407884
1.0 1.1428557424127512
1.0 2.449248036375628
1.0 0.8389749853370057
1.0 1.3901801687531805
1.0 0.9163618293737817
1.0 2.1984420057221508
1.0 1.6053579828766198
1.0 -0.12232777814726825
1.0 0.4983491276830032
1.0 -0.9026850968218691
1.0 0.8259219683787873
1.0 1.589633887248197
1.0 0.9999999850080823
1.0 1.200023738107098
1.0 0.9045844461562191
1.0 0.4923464273618763
1.0 -0.33627858655301957
1.0 1.0922544060427803
1.0 0.15520447900669398
1.0 1.8986754913296677
1.0 0.20253922084539622
1.0 1.2208927124926916
1.0 1.7885668782965711
1.0 0.7030110413988095
1.0 1.0335287426978144
1.0 2.5539831409416274
1.0 1.544088550501812
1.0 0.5540021269257174
1.0 0.9999999751586425
1.0 2.1177788598983334
1.0 0.7227424703907688
1.0 -0.7857675615038264
1.0 0.7586792542680476
1.0 -0.2779696438642545
1.0 1.466661872721396
1.0 0.582276641379351
1.0 1.1098663107735327
1.0 1.137131461917435
1.0 -0.5095228666361988
1.0 1.4644532968117303
1.0 -1.6457361513660835
1.0 0.918741600916505
1.0 0.5980040043634327
1.0 -0.49776121192809475
1.0 -0.7548247403096555
1.0 0.6118549299241562
1.0 -0.19546962939664647
1.0 -0.24066745603978656
1.0 0.9774911224555084
1.0 -0.1932259339651794
1.0 -0.7078177391585303
1.0 0.8285551636992365
1.0 0.013759623021255774
1.0 0.6976679510306378
1.0 1.8914855996903643
1.0 1.2826668715778107
1.0 0.7893538913210929
1.0 1.2265983929187945
1.0 -0.06293174153953429
1.0 -1.2003100261185176
1.0 0.40608759714496556
1.0 0.9981406760975404
1.0 1.054736623635589
1.0 1.288274048304802
1.0 2.4072620579044752
1.0 0.41361124665410354
1.0 1.1339892069219673
1.0 -1.3628727840203148
1.0 1.8330446265259506
1.0 0.6663876038877079
1.0 0.13973947664036412
1.0 1.4424397866718317
1.0 0.44748611520224446
1.0 -1.1172563336530192
1.0 1.650049097526277
1.0 -0.09711998798818589
1.0 2.358143188411158
1.0 -0.0776477741809316
1.0 0.30971546440117925
1.0 -1.3923278053339954
1.0 0.8180152841722401
1.0 0.9759878789277779
1.0 0.11226830023757439
1.0 -0.5216158930977284
1.0 0.5440505221114647
1.0 2.074863761200685
1.0 -0.27626373143559046
1.0 0.750280848751893
1.0 1.441677438335629
1.0 0.24946985132607513
1.0 -0.11831454245164608
1.0 3.0771973206600136
1.0 1.5442301019112556
1.0 0.7983472932438489
1.0 1.491526785484213
1.0 1.0247515617077367
1.0 0.8319378267224566
1.0 0.8785160880703979
1.0 1.0771629479976979
1.0 0.5233209337691156
1.0 0.3497031835822406
1.0 0.9438522467447166
1.0 1.1511726839631544
1.0 0.44078815114913295
1.0 1.3137916048460638
1.0 0.8247483045378958
1.0 0.4716654296055156
1.0 -0.07063097363349624
1.0 2.9235858656525204
1.0 0.8223123677520165
1.0 -0.5736444012740511
1.0 -0.860249794357165
1.0 -0.3950562540542335
1.0 0.4146352351474698
1.0 0.7385055411698118
1.0 1.6163337424325135
1.0 2.9892630667292535
1.0 1.512414203399074
1.0 0.5015313308041687
1.0 -0.5682769417192342
1.0 0.4110056953762411
1.0 0.09423542630419246
1.0 0.643187359317239
1.0 0.9998315261846468
1.0 0.8296822421302883
1.0 1.6815120919626922
1.0 0.30671994312845885
1.0 -1.4886985669596235
1.0 0.9717139674618692
1.0 0.5312404877836199
1.0 -0.02022918358026149
1.0 1.481166425557772
1.0 0.45589833776673006
1.0 -1.3330739780098542
1.0 0.3678531370554181
1.0 2.0338909026708434
1.0 -0.16892779365848876
1.0 -0.07917211647048439
1.0 0.9479169254800981
1.0 0.6011464096412835
1.0 1.4739068713431864
1.0 0.07611647532525434
1.0 0.5359633364562255
1.0 1.1875814404586236
1.0 0.25704567138295187
1.0 1.4426948255003058
1.0 0.22936697290649177
1.0 0.6468254880893287
1.0 1.4034533472945432
1.0 1.1327555863701186
1.0 -1.0350722136044355
1.0 0.8193663599244463
1.0 0.8583109058784053
1.0 0.1821229267814959
1.0 0.9977373254911753
1.0 0.5691542619132328
1.0 0.6081566210012377
1.0 0.15238261336183245
1.0 0.08795856736729468
1.0 1.340105327390714
1.0 -0.3179866183896154
1.0 0.9276961755593508
1.0 0.5477891476367978
1.0 -0.375034516794706
1.0 2.1142962549071553
1.0 -0.28360309314198107
1.0 -0.34491760099974433
1.0 0.7803473702612733
1.0 0.8888225241409831
1.0 3.0663878982741837
1.0 0.301969710826703
1.0 0.9153923995218479
1.0 -1.2051202771604936
1.0 0.2853885547874946
1.0 0.5695844496683373
1.0 1.2737443831436062
1.0 0.9773865359350358
1.0 1.7184037492396071
1.0 1.6455971806834027
1.0 -0.5151561896734727
1.0 0.6582319802443093
1.0 0.39275816195470115
1.0 1.056580297224452
1.0 1.9652956616556208
1.0 0.470976241783003
1.0 0.9362274154020921
1.0 -1.1930046082356571
1.0 -0.041679529344599286
1.0 1.417508591776342
1.0 1.6291164202603663
1.0 0.11207806721329816
1.0 0.8362305349361308
1.0 -0.2896681387205451
1.0 1.3314005563823588
1.0 -0.5638743638722126
1.0 0.5819670144570033
1.0 1.3022294749139651
1.0 0.08171050800734858
1.0 -0.398442265364948
1.0 3.1010243177489336
1.0 0.9396126441582825
1.0 1.3444103038055661
1.0 -0.08897991016423146
1.0 -0.2205430468002656
1.0 0.2364004864385374
1.0 0.3707797239289723
1.0 -0.6292556034935926
1.0 0.7029500824865211
1.0 1.6312366681079828
1.0 -0.02679655444367346
1.0 0.6079783272294681
1.0 0.517788760105923
1.0 0.9783612162919413
1.0 1.4913055680352754
1.0 2.227995316472779
1.0 -0.7719223722861259
1.0 2.240036409245292
1.0 -0.8395451210583982
1.0 0.21991163291225502
1.0 0.8237164160215824
1.0 0.2895349970363703
1.0 1.1374165987282758
1.0 1.7872740360296668
1.0 1.5974533050271154
1.0 0.901981900204556
1.0 0.6752606028510673
1.0 1.478883042674903
1.0 -1.4660660531979333
1.0 -1.1503658263701317
1.0 1.3000632409932504
1.0 0.9894152741103109
1.0 1.0980865704320089
1.0 -0.10026884905033673
1.0 1.1749095806840117
1.0 0.9242000573164801
1.0 1.4631927216250407
1.0 1.5258717815124772
1.0 1.342742011938757
1.0 1.3475327459159547
1.0 1.0377062633349732
1.0 1.6494985436693168
1.0 0.2926483600494889
1.0 0.9353086904031119
1.0 1.0797607975434205
1.0 0.3304861156666761
1.0 0.9346435647025017
1.0 1.2869959772762667
1.0 -0.10829275890355738
1.0 3.103030161817662
1.0 1.7031638651442356
1.0 0.20607516309340768
1.0 -0.8690098084105577
1.0 0.4630768282454756
1.0 0.7370066643531965
1.0 2.7421287235464233
1.0 -0.3287393475510454
1.0 0.8964367864241355
1.0 1.3732471514004456
1.0 0.3384155755392675
1.0 -0.9307377170726738
1.0 1.2857610908889363
1.0 -0.09699958984042278
1.0 0.10684162652995366
1.0 0.17455360581654067
1.0 0.006314382457806245
1.0 1.0000000389825174
1.0 0.5789239162944697
1.0 0.04578527325984494
1.0 -1.4588027792948677
1.0 0.9517803508732589
1.0 0.3810874815132983
1.0 0.65194959825794
1.0 0.7669862657529507
1.0 -0.31422994300320983
1.0 -0.05767570230649288
1.0 1.3910540730127514
1.0 2.1554677901981827
1.0 1.7043199647104599
1.0 -0.11046673495933335
1.0 0.0927078569883808
1.0 2.2544985372164557
1.0 -0.8585978119510598
1.0 0.9974822438608869
1.0 1.3255941597332248
1.0 -1.4486717226080343
1.0 0.06285003512873555
1.0 -0.46472366913182217
1.0 1.7809980726080912
1.0 1.6313138801266498
1.0 0.9999625689474113
1.0 2.355957784378497
1.0 0.16885591008985767
1.0 3.3477664795490236
1.0 -0.4359098076380885
1.0 1.7197632636934723
1.0 -0.24581194377894766
1.0 0.6142781033567799
1.0 2.383812498554515
1.0 -0.5304412195718768
1.0 0.493598814714866
1.0 0.5146571891328786
1.0 2.2076593379353344
1.0 -0.2104498916969546
1.0 0.5907744986235626
1.0 1.2950523991394922
1.0 0.3332714721975365
1.0 1.2496544756487786
1.0 0.3792978442712689
1.0 -1.214793522185242
1.0 0.10620200259506629
1.0 2.237441434353328
1.0 0.9997934921781865
1.0 2.1260241155236637
1.0 1.207480003071673
1.0 1.6391178453288775
1.0 0.17653447393210042
1.0 1.8209284194482809
1.0 1.7134858973144411
1.0 1.590238926618433
1.0 0.6031209870665839
1.0 2.559846272604699
1.0 0.6659432828937599
1.0 -0.35408066016081285
1.0 1.449543633376448
1.0 -0.08310618201321973
1.0 1.2412964859360753
1.0 0.21315711552540617
1.0 0.0460645611153121
-1.0 -1.5165520261338203
-1.0 -0.3411428006938979
-1.0 -1.241253165726817
-1.0 0.5925327156066382
-1.0 0.25673099352947193
-1.0 1.7354232980749145
-1.0 -0.5826366547345612
-1.0 1.6990053280472703
-1.0 -1.3911197676384939
-1.0 -0.05217490709847428
-1.0 -1.5822620839911972
-1.0 0.6232232611763515
-1.0 -0.34214152188272706
-1.0 -1.340272928554683
-1.0 0.13148903702522508
-1.0 0.734577303133032
-1.0 0.6847255635972227
-1.0 -0.8919103189580047
-1.0 0.1156458201096211
-1.0 -0.7784085792364088
-1.0 0.467160273278197
-1.0 -1.1336530290406328
-1.0 -1.192296160977366
-1.0 -1.51405893098788
-1.0 -1.4549244488605133
-1.0 -0.371934919142598
-1.0 -0.5869289532656925
-1.0 -1.533394689541335
-1.0 -0.37673280000126086
-1.0 -0.7551704439137108
-1.0 -0.9666828524640163
-1.0 -0.3023509974185976
-1.0 -0.9679460272795399
-1.0 0.48191749390325334
-1.0 -1.1207295215926876
-1.0 -1.639418157106499
-1.0 -1.4740682166585528
-1.0 -1.5450707864333064
-1.0 1.272855318080604
-1.0 -1.830890115416055
-1.0 -0.686169835070134
-1.0 -1.3621499282762652
-1.0 -1.063685121140471
-1.0 -0.20826661852039274
-1.0 -0.9080360755196644
-1.0 1.4908280365560274
-1.0 0.1703757130905541
-1.0 -1.325702226545813
-1.0 -1.6649313215650503
-1.0 0.32400092613289977
-1.0 -0.6174918711016413
-1.0 -0.12937970897582973
-1.0 0.18051317507112397
-1.0 0.06523555893362487
-1.0 -0.6452299702477444
-1.0 0.14535936602148802
-1.0 -0.6632682789041615
-1.0 0.6331096018370843
-1.0 -1.3485999953918824
-1.0 -1.3944099865519375
-1.0 -1.7625756469883163
-1.0 -0.7346927087395358
-1.0 -0.19893490037701467
-1.0 1.1297061509743145
-1.0 -1.141326312081365
-1.0 -0.8117213986530945
-1.0 -1.441383494550157
-1.0 0.510718245486572
-1.0 -0.4171893765079471
-1.0 -1.1762744902583364
-1.0 -0.6825634279168802
-1.0 -0.3957300953292817
-1.0 1.8168802078212705
-1.0 -0.9858609728273859
-1.0 -0.05889947116112215
-1.0 -1.0537949634412533
-1.0 -1.0170927446472509
-1.0 -1.0384022159612747
-1.0 -0.01517887733852219
-1.0 -1.6641748823720022
-1.0 -1.4376474137529809
-1.0 -1.182868139602788
-1.0 -1.2915601218590091
-1.0 -0.4534986514515351
-1.0 2.40532522371899
-1.0 -0.18708608613357702
-1.0 -0.7162252003459364
-1.0 -1.0878053986282037
-1.0 -0.4241155596870234
-1.0 -0.943856077243963
-1.0 -1.1993801771472037
-1.0 -0.7142970487914893
-1.0 0.9392695267059791
-1.0 -0.49539468304335355
-1.0 0.695284996161617
-1.0 -1.7808608118791707
-1.0 -0.6092478499266183
-1.0 0.6373693323393264
-1.0 -0.7309407829222261
-1.0 -0.31899617784373824
-1.0 1.2865674039665322
-1.0 1.585591775737024
-1.0 1.4474969516296827
-1.0 -1.0226132855112513
-1.0 0.032611539171116144
-1.0 -1.6408770336960838
-1.0 -1.3108717944475727
-1.0 -1.144697231101802
-1.0 -0.8603525784892514
-1.0 -0.7225941975035068
-1.0 1.8377080104742713
-1.0 -1.332905494811678
-1.0 -0.36320402310734234
-1.0 1.121562604438617
-1.0 -0.12177418814736996
-1.0 -0.9590907682473717
-1.0 1.6937515992180403
-1.0 -0.6388660546096916
-1.0 -0.9143215601926369
-1.0 1.6281318111505363
-1.0 0.3716475483029269
-1.0 -0.9745353963234864
-1.0 -0.9580740705540749
-1.0 0.21466657532228584
-1.0 -0.9630275276211315
-1.0 -1.5631846122913817
-1.0 -1.493235746766885
-1.0 -0.7659543777342437
-1.0 0.5611528527167449
-1.0 0.3577632703240774
-1.0 1.6676962685108534
-1.0 -0.6952995613825781
-1.0 -0.6414806772266131
-1.0 1.2292426360200368
-1.0 -1.1313007995677835
-1.0 -0.0791871902727459
-1.0 -0.5885798557991735
-1.0 -0.14050878075338247
-1.0 -1.3898038350903752
-1.0 -1.6934517711096833
-1.0 -1.0675121165577233
-1.0 0.2698071510142068
-1.0 0.36514531839939135
-1.0 -0.4075672739435561
-1.0 -0.7473103161901693
-1.0 -1.6530132411118204
-1.0 -0.2702783669028128
-1.0 -1.6003700669467542
-1.0 -0.833626563165883
-1.0 1.6436221344816473
-1.0 -1.1460984428933703
-1.0 0.5431761758296958
-1.0 -0.6253356336444025
-1.0 -0.6889358745659617
-1.0 1.1344358170398192
-1.0 -0.4941039948688939
-1.0 1.1885434486888702
-1.0 0.012973602574448462
-1.0 -1.195742724799938
-1.0 -0.37035163942486093
-1.0 2.185813283463387
-1.0 -1.1208817705111156
-1.0 -1.1505028676168072
-1.0 -0.0016497547479945585
-1.0 -0.8819159523641154
-1.0 -0.8107399972320364
-1.0 1.074405622181872
-1.0 -1.4955943798874038
-1.0 -0.33983590592273405
-1.0 -0.33042835875913923
-1.0 0.223334147122072
-1.0 -0.7878329627497651
-1.0 -0.10511977326702016
-1.0 0.6302007499147753
-1.0 -1.2766475377822135
-1.0 -1.0388748557121192
-1.0 -0.4057948606123727
-1.0 -1.7412304156489435
-1.0 -0.7394614066421341
-1.0 0.8612871474174415
-1.0 1.809736481039642
-1.0 -1.3207688824623705
-1.0 0.016972117188080338
-1.0 -0.8745630041939627
-1.0 -0.3471693899335153
-1.0 -0.2803201879562689
-1.0 -0.6103696012557083
-1.0 0.828501612299873
-1.0 -0.9658240654165038
-1.0 -0.222241434368184
-1.0 -1.0659886894991915
-1.0 -1.6302349562194758
-1.0 -0.5793338656502507
-1.0 0.30326465113346424
-1.0 -0.7758359246117266
-1.0 1.1125277712861492
-1.0 -0.36177443664621034
-1.0 -1.713764608939305
-1.0 -0.15299966124987252
-1.0 -0.35729528843178215
-1.0 -1.3753332020686457
-1.0 1.5602637046781689
-1.0 -0.11159794936812273
-1.0 -1.8849530483757135
-1.0 0.5268660753121803
-1.0 0.3051307323570678
-1.0 -1.6950142282064564
-1.0 -0.19913455113008327
-1.0 -0.6895298498806142
-1.0 0.15354301292695505
-1.0 -1.5596318091412633
-1.0 1.3235438462510933
-1.0 -0.6023369355437049
-1.0 -0.9656953442146374
-1.0 -1.318789844673467
-1.0 -1.5643854936163963
-1.0 0.41341170056441956
-1.0 -0.2907766018165763
-1.0 -1.2477051122062677
-1.0 -1.031819323420768
-1.0 -0.8962138010966441
-1.0 -0.09860936025623235
-1.0 -1.512819371040957
-1.0 0.807967011718921
-1.0 -0.5390135624318133
-1.0 -1.0521308443472495
-1.0 -0.23170127289210862
-1.0 -0.10663269464291392
-1.0 -0.8306603721516916
-1.0 -1.2144582760630773
-1.0 -0.8094685935425399
-1.0 -1.427558900436357
-1.0 -1.253257775191234
-1.0 -0.4075212024825605
-1.0 -0.34904214570485115
-1.0 -1.4101446652197325
-1.0 -1.509347278201981
-1.0 -0.27227449541055204
-1.0 0.30612022115951043
-1.0 1.9601207058047583
-1.0 -0.7035011054754623
-1.0 -1.1100486975575898
-1.0 -1.6163874393168691
-1.0 0.8755130470459147
-1.0 -1.0393039434258595
-1.0 -1.5579414078046154
-1.0 -0.872251117180963
-1.0 -0.2611084642942427
-1.0 1.391666600034222
-1.0 -1.5303430746977482
-1.0 0.38898852633752745
-1.0 0.10856110175752032
-1.0 -1.4065562039618782
-1.0 -1.3658941500322537
-1.0 -0.1695796315834035
-1.0 -0.1696140060141511
-1.0 -1.0548297059910272
-1.0 -0.6046520741011476
-1.0 0.9526055313946837
-1.0 -0.7522192117930344
-1.0 0.592867070801856
-1.0 -1.6088967392512283
-1.0 -0.31973078882991635
-1.0 1.0099092942287888
-1.0 -1.3257063129101776
-1.0 -0.0330663116960066
-1.0 -1.5543017289912444
-1.0 1.5217886150743147
-1.0 -1.5561708416874542
-1.0 0.14755929254630273
-1.0 -1.4672554898753059
-1.0 1.555496511300619
-1.0 1.0133788758130566
-1.0 -0.18113385729941323
-1.0 -1.0357081464991746
-1.0 -0.11537231927269587
-1.0 0.3351448716505261
-1.0 -1.010239344134893
-1.0 -1.3468122107779794
-1.0 0.4711793706209042
-1.0 -0.9212486916241915
-1.0 1.4335538847039822
-1.0 -0.28152922502937106
-1.0 -0.6977100577083286
-1.0 1.0256555473550661
-1.0 -0.9241973969228257
-1.0 -0.46049731746590217
-1.0 -0.10985506415703061
-1.0 -0.9849777488645435
-1.0 0.3663631846824156
-1.0 -0.13694438971212408
-1.0 -1.1291461960212867
-1.0 -0.08214559938504284
-1.0 -1.4477386962357088
-1.0 0.012691509487009034
-1.0 -0.9346972674934251
-1.0 -1.4639065154343571
-1.0 -0.3629292450274546
-1.0 -1.517501179737875
-1.0 -1.1104790603731658
-1.0 0.2647515118325321
-1.0 -0.7146300325708754
-1.0 -1.1495820418547074
-1.0 -1.4123863247490935
-1.0 -1.377982563300458
-1.0 0.10636865576815713
-1.0 0.2516636983037983
-1.0 0.5029003002565247
-1.0 -0.6604242008582322
-1.0 -0.9595500797010184
-1.0 1.0447385492164394
-1.0 -0.5773749848912706
-1.0 -0.9851224918088022
-1.0 -0.7500068639942814
-1.0 -1.2195631166285157
-1.0 -0.26323320276349227
-1.0 -1.6614109118532863
-1.0 -1.8180644747670551
-1.0 -1.3630561338843865
-1.0 0.12377335563213099
-1.0 -1.3223838870131912
-1.0 1.228096623508879
-1.0 -0.07829371879148495
-1.0 0.10400619074815065
-1.0 -0.6157332057918623
-1.0 -0.06398790365134999
-1.0 0.013180076196219082
-1.0 -1.6581905441448326
-1.0 -0.5806896966888679
-1.0 -1.523300376056262
-1.0 -1.2586250938216432
-1.0 -1.074009917062042
-1.0 0.1124950092364172
-1.0 -0.8675740379715924
-1.0 0.9254130802029868
-1.0 -0.4853320192541557
-1.0 -1.3255067964145728
-1.0 -0.8706593264849936
-1.0 -1.493163153928247
-1.0 0.3197764432127337
-1.0 0.19681292416532226
-1.0 -0.8107107638113438
-1.0 2.1569663661403236
-1.0 0.10149577694421708
-1.0 -1.6155235114490227
-1.0 -0.5059462769057226
-1.0 -1.790108491713852
-1.0 -1.4771063303091156
-1.0 -1.961196468751611
-1.0 -0.8670417344048884
-1.0 1.503410338955109
-1.0 -1.2963522138753318
-1.0 -0.6777839802681953
-1.0 -1.4816357301577883
-1.0 0.19665294665293653
-1.0 1.2661028504289185
-1.0 -1.0376497852588402
-1.0 -1.3679469124961372
-1.0 -1.2357373497979993
-1.0 -1.4726301091095158
-1.0 -0.7926317291868274
-1.0 -0.4114585881398831
-1.0 0.1405986398182153
-1.0 -0.9824265084288126
-1.0 -0.4053519355393629
-1.0 0.029994959852591707
-1.0 -1.625230783406125
-1.0 -1.0797144317735619
-1.0 1.2880906641139107
-1.0 0.3173158858514087
-1.0 -0.3180668232597008
-1.0 -1.2699043306528823
-1.0 -1.9061252023577264
-1.0 0.24872011674145678
-1.0 -1.685476754619459
-1.0 -0.7999133826629765
-1.0 0.23564506652870154
-1.0 -0.5218478507648379
-1.0 -0.8904904817534396
-1.0 -0.5233715730255266
-1.0 -0.85917062654757
-1.0 0.7404795116852261
-1.0 -0.41293867662917716
-1.0 -0.5832370368466351
-1.0 -1.5723896235655528
-1.0 -1.3559518502721546
-1.0 -1.8505819080260721
-1.0 -0.07428891052279041
-1.0 -1.5520053647510021
-1.0 -1.3791756182239587
-1.0 -0.26173501799393284
-1.0 -0.3185994158292642
-1.0 -1.3708427449144125
-1.0 0.19832609647494137
-1.0 1.8816043532944813
-1.0 -0.6183393323773716
-1.0 0.9940087487822247
-1.0 -1.3998499150255466
-1.0 -0.4817897015155186
-1.0 0.2134728728552162
-1.0 -1.1062293067282423
-1.0 -0.3610001151080704
-1.0 -0.8711420446493117
-1.0 -1.287024953427526
-1.0 -0.8869479228902581
-1.0 -1.1212607621170858
-1.0 -0.049386978305008045
-1.0 -0.35380667635586116
-1.0 0.27409586310226985
-1.0 -0.9514718617643285
-1.0 0.19696694529529135
-1.0 -1.3837506311673429
-1.0 0.04411653526995063
-1.0 -0.801164749802894
-1.0 -1.2541689133565161
-1.0 -1.2616217491506934
-1.0 -1.7389241740709855
-1.0 -1.2927227205179266
-1.0 -1.0351038756253348
-1.0 -1.1224313430522193
-1.0 -0.9926980279678297
-1.0 -0.04494741435018579
-1.0 -1.546110800797111
-1.0 -1.252074805889603
-1.0 -1.5874994693888191
-1.0 -0.45231063171373664
-1.0 0.9004355717529517
-1.0 1.9718693268350886
-1.0 0.7404318347499446
-1.0 0.4789888142387797
-1.0 -0.8825078424570618
-1.0 0.3432898274804457
-1.0 -1.4012121725283433
-1.0 -1.6512807159809402
-1.0 -1.4406590786049822
-1.0 1.1068194259465562
-1.0 -1.3030363691485496
-1.0 -1.519207620269964
-1.0 -1.1310447686614626
-1.0 -0.2516809549531973
-1.0 -0.1844748217260359
-1.0 0.07519720764225313
-1.0 -1.736524592351799
-1.0 0.7716685811764397
-1.0 0.06201229914410633
-1.0 -1.5858784392220069
-1.0 1.674894374695002
-1.0 -0.9846364801076093
-1.0 -1.758457801288937
-1.0 -0.8838174526127989
-1.0 0.2929566830185235
-1.0 -0.6974825667365767
-1.0 0.16125349096666786
-1.0 -1.130397514093028
-1.0 -1.4831927422601665
-1.0 -0.17678642931622202
-1.0 -0.2267760770805669
-1.0 -0.635117110561763
-1.0 0.43741955152676515
-1.0 0.7776117002690832
-1.0 -0.9759072584230024
-1.0 0.8916471056318992
-1.0 -1.036918500556021
-1.0 0.08213567606154615
-1.0 -0.3516708419119938
-1.0 -0.9005188933715287
-1.0 -1.2822550085945972
-1.0 -0.3504808433063622
-1.0 0.306137764147528
-1.0 -1.313261248206524
-1.0 -0.31587096205644327
-1.0 -0.6673421456148558
-1.0 -1.1589275731629458
-1.0 -1.4973664607489967
-1.0 -1.6033853970093461
-1.0 0.3171082630912945
-1.0 -1.599775188109482
-1.0 0.7465645082102801
-1.0 -0.863551110472172
-1.0 -1.0077834986180965
-1.0 -1.2105707627004607
-1.0 -0.8942192963177686
-1.0 -1.1921907081534613
-1.0 -1.2404173101939344
-1.0 -0.19127474635394792
-1.0 -0.6533655679805124
-1.0 -0.6586403672868784
-1.0 -0.5411591203234796
-1.0 -0.436336022952565
-1.0 -1.5795513601263562
-1.0 -0.28492049916259
-1.0 -1.3639879486709878
-1.0 -0.3491690127519722
-1.0 -1.2357494968669114
-1.0 0.2990423830615916
-1.0 -1.5449316850988999
-1.0 0.17360048804763584
-1.0 0.21842700251066405
-1.0 -0.28192542687730393
-1.0 -0.6287045533090887
-1.0 -0.9754378270433492
-1.0 1.0052795547561217
-1.0 -1.4130648547269007
-1.0 -1.2595840764592565
-1.0 -1.497557625397628
-1.0 0.32159115225443435
-1.0 0.028963998622587583
-1.0 -1.3280159003560512
-1.0 -0.9592337110007083
-1.0 -0.5415980663766451
-1.0 -0.7883758430050105
-1.0 0.1781252501309425
-1.0 0.34972654672434955
-1.0 -1.4204410099969982
-1.0 -0.9327153890626554
-1.0 0.745471012030974
-1.0 -1.3429084279141312
-1.0 -0.11518549396730893
-1.0 0.044892490050562506
-1.0 -0.7561897130005955
-1.0 -0.06145142133865655
-1.0 -1.363176052640791
-1.0 -0.9346868377097701
-1.0 1.08790467507319
-1.0 -0.7282137619141777
-1.0 -1.3311157280522528
-1.0 -1.641736479443534
-1.0 -0.6663618449994373
-1.0 -0.5839977741536657
-1.0 0.8114782292347966
-1.0 -1.6184937103344188
-1.0 -0.6132997026018012
-1.0 -0.7005270864284192
-1.0 -0.9668821445019984
-1.0 -0.8067688402766935
-1.0 -0.12528760498809
-1.0 1.2369569691618763
-1.0 -1.2645725332527404
-1.0 -0.8199817083903431
-1.0 -1.768068291406979
-1.0 -0.9962599111613346
-1.0 0.01943244813242484
-1.0 -0.10580346608365754
-1.0 -1.017893710794918
-1.0 -1.1915342151116088
-1.0 -1.4852707367020916
-1.0 -1.060976016732866
-1.0 -1.2892062578568444
-1.0 0.0280936696350802
-1.0 -0.629179040016012
-1.0 -0.35339785778432775
-1.0 -1.5369496601511754
-1.0 -0.637924514227548
-1.0 0.3413394661344398
-1.0 0.25126054354335925
-1.0 -0.7795166119449224
-1.0 -1.8645984585574764
-1.0 -1.5254203510842737
-1.0 -1.4848787088296813
-1.0 -0.3825644189485584
-1.0 -0.4543014979633897
-1.0 -0.9769314021862181
-1.0 -1.0227053501078402
-1.0 1.576800226394445
-1.0 1.3426796588686076
-1.0 -1.69840586642957
-1.0 -1.3498329877098225
-1.0 0.5743833634583364
-1.0 -0.6601793383414614
-1.0 -0.8586690129210757
-1.0 -0.9385442646123674
-1.0 -0.2865777383549264
-1.0 2.321511778268614
-1.0 -1.4651205972696935
-1.0 -1.2133677929706193
-1.0 -0.9717048989447288
-1.0 -0.8593337729892894
-1.0 -1.1422713513191178
-1.0 -0.14610983229420027
-1.0 -0.5001646416497572
-1.0 -1.4247125525118083
-1.0 -0.4433694372177164
-1.0 -0.18389198565944875
-1.0 1.6268912951331225
-1.0 -0.8057090012112811
-1.0 -1.016237426927797
-1.0 0.22061322566266361
-1.0 -1.429912317504622
-1.0 -1.7732016899436251
-1.0 -1.4531178906187852
-1.0 -1.648433379615739
-1.0 -0.9821882234715908
-1.0 -1.1234263664850426
-1.0 0.6978240413195629
-1.0 -1.236832460403332
-1.0 -0.6588745121365722
-1.0 0.2842615507089523
-1.0 -1.7414442551050158
-1.0 -1.0318602666551069
-1.0 0.41832792205134317
-1.0 -0.799286543367034
-1.0 -1.4438103711765446
-1.0 -1.0063327673917244
-1.0 -0.8701173144548946
-1.0 -1.7343891965315006
-1.0 -1.1521402122058588
-1.0 0.46853059777294503
-1.0 -0.00346647580724202
-1.0 -1.273631395457858
-1.0 -0.5158505528206323
-1.0 0.7117534149001232
-1.0 -0.8143504429187369
-1.0 -1.1252498610291526
-1.0 -1.2713408222486127
-1.0 -0.32959869593385394
-1.0 -0.8904298155961765
-1.0 0.47048563726536563
-1.0 -1.4453676772032074
-1.0 -1.038687886395404
-1.0 -1.1853405117332656
-1.0 -1.0301530973495643
-1.0 -1.4263996080585422
-1.0 0.2524361603011547
-1.0 -0.9413125161961946
-1.0 -1.584016888037406
-1.0 -0.6840615671163084
-1.0 0.015052109783021406
-1.0 -0.6131628595264638
-1.0 -1.111308997385255
-1.0 -1.3027396258994464
-1.0 0.9031637313355305
-1.0 -0.5674450573334773
-1.0 0.63144830398958
-1.0 -1.5784780695056777
-1.0 -0.9236277790418099
-1.0 -0.34188540929351685
-1.0 -1.2010022753243206
-1.0 -1.6845664826296742
-1.0 -1.5390614062069226
-1.0 -0.6547671334350702
-1.0 -0.9608635279913704
-1.0 -1.6586520219076726
-1.0 -1.2038941152433162
-1.0 -0.1249422536251572
-1.0 -1.5363724077597607
-1.0 -0.18228047958835747
-1.0 -1.3115512820467528
-1.0 -0.9211973145691319
-1.0 -0.8470674135986234
-1.0 -1.1509620619199397
-1.0 0.7300704781577247
-1.0 -1.0585483101630535
-1.0 0.29607563616104815
-1.0 -1.6414165916504762
-1.0 -1.7485624704680522
-1.0 -1.2997210456319124
-1.0 0.16561402269825876
-1.0 -1.4314246566944653
-1.0 -0.4015915643033159
-1.0 0.1927673370081353
-1.0 -1.9222906154942265
-1.0 1.330367133571146
-1.0 -0.870354886217954
-1.0 -1.600387173636351
-1.0 -1.1995123336272266
-1.0 -1.512930158364937
-1.0 0.7797030515022234
-1.0 -0.9180995382836938
-1.0 -0.2555499116379454
-1.0 -0.8993901834160511
-1.0 -1.3044260436860617
-1.0 -0.6186823316831878
-1.0 -0.04119836194972515
-1.0 -1.253094244049326
-1.0 1.9232387007232274
-1.0 -1.2914800733789544
-1.0 -1.217928801680484
-1.0 0.34053213243939573
-1.0 -1.443228827644849
-1.0 0.7432107142853817
-1.0 0.8113289756436113
-1.0 -0.30096711147176824
-1.0 -1.4651397648251105
-1.0 -1.3662139733943572
-1.0 2.0371825510498587
-1.0 -0.5247053910861688
-1.0 1.7232070789508478
-1.0 1.631862362196646
-1.0 -1.1935715677024552
-1.0 -1.3996972365546916
-1.0 0.2083113453980181
-1.0 -0.5932507785179908
-1.0 0.6123698814543832
-1.0 -0.9443695900547309
-1.0 -0.1474734612726949
-1.0 0.569411717938523
-1.0 -1.2727855154253738
-1.0 -1.3891664231206882
-1.0 -0.2751224381741073
-1.0 -1.7932692472620984
-1.0 0.29818236127362185
-1.0 0.3713775806162374
-1.0 -1.643439912968374
-1.0 -1.0005023066621455
-1.0 -1.1757031944682201
-1.0 0.5687714828037602
-1.0 -1.0880571739272087
-1.0 -1.2338009035593478
-1.0 -1.2256039490043564
-1.0 -1.4549779371818414
-1.0 -0.1261134167726392
-1.0 0.5579585973259313
-1.0 0.0644023908056901
-1.0 -0.9453423112439308
-1.0 -0.9183774560144755
-1.0 -0.1710833552108002
-1.0 -1.5862074885868425
-1.0 -1.7721330053860358
-1.0 -0.49070313861963744
-1.0 -0.03639954197732975
-1.0 1.7987874858953306
-1.0 0.06509552176867195
-1.0 -0.057964004186153106
-1.0 -1.0230878135019634
-1.0 1.1055325451171307
-1.0 0.09245269882145091
-1.0 -0.3487303255797909
-1.0 -0.7621243671236178
-1.0 -0.7605083133967128
-1.0 -1.417935053566827
-1.0 -1.38865565112035
-1.0 -1.0500540202391555
-1.0 0.16107115711830722
-1.0 0.571604885300012
-1.0 -0.5068442562458628
-1.0 -1.5850157401035747
-1.0 -1.0781718480548306
-1.0 0.7823424314500476
-1.0 2.01117012620693
-1.0 0.1398973237676826
-1.0 -0.6959293211953321
-1.0 -1.6120140810068597
-1.0 -0.2586753255000498
-1.0 0.8737826200697094
-1.0 0.9477877198624893
-1.0 1.7369669024297192
-1.0 -1.2795483419752598
-1.0 -1.0717804643053852
-1.0 1.0682898992511654
-1.0 1.2629571020792345
-1.0 -0.431614492307566
-1.0 1.576981564091461
-1.0 -0.39908274587424675
-1.0 0.8805614752583835
-1.0 -1.5419947212106169
-1.0 -1.032080770992878
-1.0 2.708921795575937
-1.0 -0.6790790761019045
-1.0 -0.7375273214661351
-1.0 -0.43385839916032465
-1.0 -1.296125383112118
-1.0 -0.040533438129199295
-1.0 -0.6892360283748435
-1.0 -0.36265757576632485
-1.0 -0.08252712157743969
-1.0 -1.49030973826093
-1.0 -1.0350867049018229
-1.0 0.08324718787583629
-1.0 -0.5437170318464792
-1.0 -0.11689754235238992
-1.0 -1.0149468880985735
-1.0 -1.5064057680562826
-1.0 -1.6312329174980835
-1.0 0.6171802660479371
-1.0 0.7428626182546636
-1.0 -1.0342175853006061
-1.0 -1.707418359856372
-1.0 -1.3850243455506281
-1.0 -0.9698418544545642
-1.0 -0.4306197545389825
-1.0 -0.9784272733460813
-1.0 -0.5040543080196769
-1.0 -0.5333181715359627
-1.0 -1.07083765771721
-1.0 0.5405830825261952
-1.0 -1.0095813676638445
-1.0 -0.6961181629200608
-1.0 -1.2691346535113248
-1.0 -0.7281924819428118
-1.0 -0.6058718175809172
-1.0 -0.43691996635202646
-1.0 -0.5507514429802534
-1.0 1.5086498057374507
-1.0 -1.025110194328207
-1.0 -0.8981179198552738
-1.0 -0.91114142037459
-1.0 -1.7734184774251363
-1.0 -1.1375557912035057
-1.0 0.38475692877835854
-1.0 0.5939201374984808
-1.0 -0.4700142437992634
-1.0 -1.4466826698822608
-1.0 -1.1185654301739558
-1.0 -0.7041802375923663
-1.0 -1.5669686768375661
-1.0 -1.095785712445371
-1.0 -1.092038068664983
-1.0 0.7313108881233228
-1.0 -1.1208268849587402
-1.0 -0.8068292066934619
-1.0 -0.3761593884259966
-1.0 -0.3419812304306573
-1.0 -0.3436698309880346
-1.0 -1.4654268827879746
-1.0 -0.9074651185435969
-1.0 -1.755260732275488
-1.0 -1.2121855775695347
-1.0 -0.3727761094056161
-1.0 -1.1864193731756756
-1.0 0.9303932812561284
-1.0 -0.26276060949036006
-1.0 -0.8549335168099459
-1.0 -0.067291662187271
-1.0 -1.384463130881267
-1.0 -1.5217658422775169
-1.0 -0.10337549818682867
-1.0 -1.2553689562059058
-1.0 -0.9083813255492088
-1.0 -0.44658981371314255
-1.0 1.0301651000131664
-1.0 -1.548946936718703
-1.0 -0.06688641102219606
-1.0 0.5906906488034054
-1.0 -1.095326688158584
-1.0 -0.9210963113946491
-1.0 -1.2515109018454234
-1.0 -1.0343417043989382
-1.0 -0.3102569111366895
-1.0 -0.34356222326651276
-1.0 0.987935432170909
-1.0 -0.48986351696674824
-1.0 0.27300977278559446
-1.0 -0.5267769218831315
-1.0 -1.366908459202559
-1.0 -1.5608427478098514
-1.0 -1.534533596911627
-1.0 1.3557899189433797
-1.0 -1.1385535648555352
-1.0 -1.1760846384280095
-1.0 0.6912647322913548
