80000 80004 1.0 0.09626233731763079
25999 47719 1.0 1.78392250876684
33821 40836 1.0 0.7069100697060062
1941 40137 1.0 1.349819524066663
32747 56454 1.0 -0.9577095756666569
46119 50767 1.0 -0.13445887436886705
5299 710 1.0 0.6784792510349908
1811 40809 1.0 0.2051335001635579
70297 70312 1.0 2.3366333424048316
46105 50767 1.0 0.3726814802052967
4096 77700 1.0 0.1978163278218774
789 952 1.0 -1.1106132603989565
1419 73070 1.0 0.6456485627542041
6391 40132 1.0 0.9374463286410625
34267 37049 1.0 1.5236212290977584
25762 40220 1.0 -1.3790405726374724
4099 71135 1.0 0.6294246126620067
36376 40848 1.0 0.8811034112454164
5517 75148 1.0 0.9955037209363224
81323 81357 1.0 0.9898735629975315
4850 38370 1.0 -0.2569472710770211
4683 14814 1.0 -0.17113363214827748
53 6108 1.0 1.5695715419144622
676 46565 1.0 -1.4243286246751548
52783 56539 1.0 2.0236747028354096
14637 34937 1.0 2.3790830165201933
41115 74992 1.0 1.4721187807009803
17916 46587 1.0 0.6199831596680101
82067 82068 1.0 2.6646109976719874
6266 71602 1.0 0.5754910672494602
26529 74994 1.0 1.332440333123452
14986 49793 1.0 0.24235366057298102
15717 29099 1.0 1.8427542136726602
4148 44537 1.0 0.9158109879226285
74755 79684 1.0 -0.6688804954857472
45066 52792 1.0 -0.9056116886556329
3020 14569 1.0 1.7210481007991913
38540 38736 1.0 2.2930204780963392
39961 75547 1.0 -0.6136417067813951
44797 53117 1.0 0.18105011565491602
978 3240 1.0 1.3495675936940519
27414 31561 1.0 -0.4219426184832846
1863 28559 1.0 0.2135406742986945
11355 30853 1.0 2.078689336459714
17865 78767 1.0 -0.8456707209565213
81030 81045 1.0 1.1459895850029902
55800 52729 1.0 0.93959698906748
39961 76642 1.0 0.4965178064917113
1324 4310 1.0 1.0422707187369047
18534 41197 1.0 -0.083062270750909
26410 74618 1.0 0.5133710781261438
39908 77644 1.0 0.5603939717635247
14699 20734 1.0 -0.36167471391545103
74196 74353 1.0 1.4538204358620566
27414 32777 1.0 0.6983674191398286
28290 82022 1.0 0.9333779175971267
52 31421 1.0 0.2021663328723451
34334 34369 1.0 0.43286658737541184
73593 73594 1.0 3.6658019951592067
6079 74977 1.0 0.14194311960819062
35700 35701 1.0 2.7859178729286533
132 39976 1.0 0.09773842526502574
5786 45978 1.0 0.7904911219636463
71536 78530 1.0 -0.8564322188081648
32271 35225 1.0 -0.30506422003306577
45157 45956 1.0 0.608347384636706
111 72481 1.0 -0.36477879403211233
32643 32797 1.0 1.5210864873209395
28341 49719 1.0 1.7324816143553567
53771 74730 1.0 0.3824168988821497
32349 36584 1.0 1.3537541940306406
52824 56318 1.0 1.5264638618315054
2125 46443 1.0 -1.0414961084827938
199 38370 1.0 -0.31252874951350185
32043 74096 1.0 -0.8812845419717568
31579 72481 1.0 -0.7618920390259114
2837 36015 1.0 -0.07120711471301022
38231 38844 1.0 -0.4398979025077985
39713 39721 1.0 1.3351548377099376
56253 56257 1.0 1.6143122601950988
32172 36662 1.0 1.0324144388571537
44379 44984 1.0 0.6257346362136231
33638 81130 1.0 0.33290630619033146
14814 31908 1.0 -0.6386840054230238
4581 41278 1.0 0.1643425146570665
17240 38189 1.0 1.5098569460567088
746 39447 1.0 -0.4070042172750705
17436 74448 1.0 -0.4922649999763946
16227 16967 1.0 0.8547191934001444
26385 32329 1.0 0.20864968772559367
5727 19182 1.0 -0.37059192444325895
17989 46105 1.0 -0.09522618786105252
32259 32643 1.0 1.918623104216405
18399 38431 1.0 -0.7693922565569364
17440 17850 1.0 0.4908412027222824
46725 46994 1.0 0.4204471897343678
28569 39816 1.0 0.7324837864692881
74788 82086 1.0 -0.5368569144958717
16885 16886 1.0 2.4617411040068893
1158 1184 1.0 0.5282602909776815
41829 29099 1.0 0.5513276375840734
36217 74188 1.0 0.20195558156144267
46443 82049 1.0 -0.9773929614632162
1679 72436 1.0 -0.4082039976359537
28578 72772 1.0 -0.4278740422223706
44772 45609 1.0 1.4687869650725447
16708 16886 1.0 2.534153267153581
7140 6933 1.0 2.3699588794450532
5505 39149 1.0 0.3958388456193698
114 205 1.0 0.5394949577875674
31699 76825 1.0 1.6638434889681677
45336 45337 1.0 0.18923060255914037
81121 34710 1.0 2.2572258221838775
34923 52852 1.0 -0.10767640659398059
39894 40120 1.0 -0.784144386934555
15680 17129 1.0 0.4862520527477767
28337 46746 1.0 0.2238874116428724
38995 39003 1.0 1.1571608193982224
15006 77980 1.0 -0.09233566352553502
9900 50032 1.0 0.7318453730978602
39718 46181 1.0 0.32080306547871307
41450 15917 1.0 -0.5747392916218952
28464 28465 1.0 3.6031321967588292
46395 24 1.0 -0.5223507026618486
1391 62271 1.0 -1.020134014379305
12327 30853 1.0 -0.34466151747570883
32020 36679 1.0 -0.8846582160456058
26318 26983 1.0 0.23743543574409398
27879 40124 1.0 1.113613551502621
81835 82065 1.0 1.6847090960947095
2091 72481 1.0 -0.17299074105422418
1750 1761 1.0 2.803524827688774
46812 47252 1.0 1.6894443506219257
52 26031 1.0 1.3357825089660738
35391 34141 1.0 1.8211915067342086
26470 27034 1.0 2.554585578449502
2146 6060 1.0 0.132264678909227
5757 365 1.0 2.8584202061617705
15426 15651 1.0 1.3941827582321746
39801 62271 1.0 -0.7886697127884554
28172 62245 1.0 0.4612390118478764
44766 52826 1.0 -0.5589048418206497
40966 41008 1.0 2.3385510646287666
683 5170 1.0 -0.021195097617041858
1056 39937 1.0 1.2301089249654293
32417 24 1.0 0.7100631437755376
1179 31209 1.0 -0.8993293268093789
40124 62587 1.0 0.4230019766759625
31421 32349 1.0 0.5469796826468125
56317 54238 1.0 -0.7641044061300128
40848 77330 1.0 1.4146028494551415
5675 44344 1.0 0.9391173997146963
78235 78392 1.0 2.3686158454428483
1693 62271 1.0 -1.02748225639378
5674 77845 1.0 -0.18219204872159622
26350 36924 1.0 -1.3476745505376049
44379 44888 1.0 0.09091122697527765
2838 35291 1.0 -1.0342322073492163
1811 77504 1.0 1.051766737209207
71536 71637 1.0 0.45540326217496285
788 952 1.0 -1.1079713949706216
14784 14376 1.0 1.6714179078611546
5863 27513 1.0 -0.3311934964635923
36161 36924 1.0 0.46653151861846553
27563 81264 1.0 1.5427691778805241
6493 31126 1.0 0.8244416210482868
45819 45821 1.0 0.6019925451390826
23313 37362 1.0 1.3216404028557398
15935 36916 1.0 0.6125925193813166
6049 39366 1.0 1.28519626344284
36584 39691 1.0 1.3359177926543218
6358 28443 1.0 0.1827865810837126
33653 46157 1.0 0.9241416471484134
5037 39782 1.0 0.369952621985963
5 74099 1.0 0.2726497514446746
32797 36866 1.0 1.3812755655133686
33638 81141 1.0 -0.10967569896806828
64431 64434 1.0 2.299900941558501
45277 45278 1.0 1.8226551180306159
1750 1737 1.0 3.08328878716258
36774 36784 1.0 1.8348244015171227
46443 50765 1.0 1.1097454827234667
34914 34168 1.0 0.21787037730379066
32684 32747 1.0 0.8207703836975742
73951 74109 1.0 1.5599662027347927
31418 44262 1.0 -1.311611635055073
9788 44494 1.0 -0.3867998986472365
19473 31421 1.0 -0.9025004618184398
3792 53915 1.0 1.4327477919601503
36161 76722 1.0 0.5701209771172671
786 4037 1.0 0.06375770636987732
23439 74596 1.0 -0.04539268798042406
1863 39881 1.0 -0.6479687348444494
38887 39433 1.0 0.8425154861740578
1372 40397 1.0 1.6754105592234378
28632 31156 1.0 0.7172689977023023
34117 39637 1.0 1.5839804347122792
36161 36929 1.0 0.7140120277794513
17865 72060 1.0 0.40860506288012544
16 39891 1.0 1.7758809576485712
20521 15757 1.0 0.17153696924576445
16224 16786 1.0 2.0925460168914536
34160 34168 1.0 0.2715936776268435
28552 73792 1.0 1.654723644334934
1404 39807 1.0 -0.002372453635073102
36139 36344 1.0 2.6789296984428974
43793 55800 1.0 0.1883724968559075
1699 40126 1.0 1.4504632645190878
32268 36724 1.0 -0.07013029970086193
32271 44513 1.0 0.28332074227537807
4584 4601 1.0 2.8124971963605176
36161 39670 1.0 0.6230846260086067
21186 25866 1.0 0.30265199171599977
6267 71605 1.0 0.1930740591058877
19473 39691 1.0 -0.2584495317619244
36059 34141 1.0 0.539755146817587
6548 38903 1.0 0.7225112287483921
32320 32622 1.0 1.1187925536247465
47204 74189 1.0 0.31475640835528096
5475 38461 1.0 -1.2151427737346219
23338 62437 1.0 0.9083410607672079
82010 82022 1.0 2.7949147839061825
40523 72574 1.0 -0.07900865324708328
1256 31852 1.0 0.4302833992052335
32312 36899 1.0 -0.9761271642046552
23338 28036 1.0 -0.19558579179430913
3321 32065 1.0 1.015646541663069
62704 62705 1.0 0.9898590543197776
45146 45164 1.0 0.987933112239815
5767 368 1.0 3.3989003625155454
81264 81327 1.0 3.0966027513234806
33 32323 1.0 1.4194925174930804
28983 77486 1.0 1.8429004952813315
3808 53916 1.0 1.4072257446923742
40914 77703 1.0 0.8919929752167577
46692 46695 1.0 0.7711228183932342
46975 46746 1.0 1.6146710405135103
1391 1693 1.0 3.104623697744998
199 4888 1.0 -0.014872629326584397
261 26419 1.0 0.6578192378747769
665 40369 1.0 0.5876248099096621
5390 71044 1.0 0.2713672559628171
3776 2406 1.0 0.1972487163499428
34712 39700 1.0 0.33284063545747133
45019 45020 1.0 2.377924471999469
27874 31646 1.0 1.940511582814909
5508 39154 1.0 -0.009276076950482492
31588 31589 1.0 3.5286101284287112
34712 39699 1.0 0.9749422913189136
18224 36932 1.0 -0.17081463209439685
31561 32777 1.0 -0.8224517802283637
6028 62190 1.0 -0.4299865841414663
38540 38738 1.0 0.08939417647412795
22350 43826 1.0 -0.9221837740817516
71601 71602 1.0 2.384064176861889
25320 25321 1.0 -1.4599793817877478
29134 30603 1.0 1.1074624525711039
15099 20734 1.0 1.4207373836031771
1651 40120 1.0 2.1190394170726043
77769 77859 1.0 1.0115037406304885
14915 29099 1.0 1.700679794942026
58003 58004 1.0 -0.47084007194208155
4789 71938 1.0 1.5606569495483296
46395 29099 1.0 0.14726609456594186
36664 49546 1.0 0.7344534512317602
40599 40690 1.0 1.804873044358284
15006 71486 1.0 -0.15864648563609274
21843 24149 1.0 -0.4470266335833841
39062 74942 1.0 1.158548840109704
71426 71476 1.0 1.6174561343503928
30674 9137 1.0 0.7523819635911506
18597 37381 1.0 -1.2854180922487992
3779 28746 1.0 0.4246327524675193
6293 27428 1.0 1.693712690764936
17865 39759 1.0 0.35207474119484905
32273 36933 1.0 -0.5081110413883385
28547 32383 1.0 0.3290099696395383
353 642 1.0 0.5108870394586702
4170 77985 1.0 0.9165663006480919
46394 62309 1.0 0.7316792234163652
15917 46528 1.0 1.5822263956548104
31554 58216 1.0 0.6339329331901702
4784 28337 1.0 0.2872001898942014
39528 54026 1.0 -1.2661078388292255
4750 39266 1.0 -0.6753249048886731
14944 21643 1.0 1.9101183279442575
46772 18115 1.0 -0.4275957804868584
46361 46746 1.0 0.7657991103820563
16115 72825 1.0 0.5480164716593172
1699 77287 1.0 0.30047618999875225
6537 81254 1.0 0.39787960535663625
47157 49795 1.0 1.3301385988873131
28422 81835 1.0 -1.219574626259099
76666 76673 1.0 0.6134835937564997
44984 45018 1.0 0.040294072245815604
4576 46665 1.0 -0.548655619792553
45453 45590 1.0 2.1205699843533052
71015 71135 1.0 1.111665600234363
36366 36627 1.0 0.4715777694045771
66 559 1.0 1.0581801560153505
2216 1655 1.0 1.3272736281485078
5 49916 1.0 0.6656810645658473
32589 57013 1.0 -1.4619245466088984
71788 72772 1.0 -0.20893436998156867
81353 81463 1.0 1.2496284859652322
2158 77486 1.0 0.6287136109504459
53934 53021 1.0 1.30626571736475
70925 71535 1.0 1.00000006445919
28642 46665 1.0 -1.0762134721933294
26217 27504 1.0 1.4316863255048837
35579 36900 1.0 0.8089438073096558
52 32985 1.0 -0.08708647056861651
16617 30388 1.0 -1.0065533056349154
872 882 1.0 2.590359200305915
1583 2130 1.0 -0.04962129641821278
2125 5475 1.0 0.775819308925622
2125 38461 1.0 -1.2608017974548815
32779 77703 1.0 0.18157661201145214
4416 39878 1.0 -1.3372618673452745
32302 37226 1.0 0.3279927549201247
47133 47719 1.0 1.028925938190958
41450 46528 1.0 -0.311921565271418
36613 39154 1.0 0.34833132632529984
319 36870 1.0 -0.9650948512804258
15688 25157 1.0 1.825272209980177
4093 32067 1.0 0.7769268754380654
39699 77584 1.0 -0.24092539979740213
9900 15013 1.0 0.5072191714778327
50565 74888 1.0 0.16610899770634346
36009 40057 1.0 0.2757923143173542
28141 74810 1.0 -0.21443623389622424
32643 36866 1.0 1.582498325222342
2617 81881 1.0 -0.674346355459631
5460 40083 1.0 -0.7342704571812209
71164 71714 1.0 1.8581981276940287
16995 21497 1.0 1.676276137265615
5499 5711 1.0 0.037837426455780365
19341 31396 1.0 -0.529592314760047
26579 77410 1.0 1.088468277968606
28077 75007 1.0 -0.14416726645305777
62655 77683 1.0 -1.234225475264326
44978 45019 1.0 2.1183948789655407
1737 1761 1.0 3.220359934132966
28210 78001 1.0 0.32882520020301365
32428 34712 1.0 1.2229276912548972
17788 22074 1.0 2.074345274624024
127 26699 1.0 0.8067503291967186
28560 39881 1.0 -0.8243788144683326
29226 70203 1.0 -0.05497113938602971
32754 36023 1.0 -0.4749285610550933
76 39637 1.0 0.8394530578782653
5740 62190 1.0 -0.6801198757166675
21843 39534 1.0 -0.3245933159958887
35312 72782 1.0 -0.18710095574107966
36691 36525 1.0 1.3027192408619817
3 17226 1.0 0.8357090739813708
38461 82049 1.0 -1.0931101725570471
554 39757 1.0 -0.49129498692057005
32349 39691 1.0 1.49826597354247
28882 28909 1.0 3.305328728006381
17227 18264 1.0 -0.4467621743543697
26406 77602 1.0 0.9362140009448383
72155 72158 1.0 2.0163288362486407
32239 40988 1.0 1.1270950651996114
788 62190 1.0 -1.7278354280849926
2092 4960 1.0 2.635832372909011
2682 39286 1.0 -0.405465579977939
27879 62587 1.0 0.47059974432038376
32985 36584 1.0 -0.3174441329032671
603 39954 1.0 1.5395104495533438
44829 53364 1.0 -0.5942136815067407
26349 39594 1.0 -1.656479255016968
34914 39291 1.0 0.9038630905318803
3827 5024 1.0 1.4471452366402362
5740 6028 1.0 1.9496327611725208
14568 25999 1.0 0.0068856049524030905
741 62213 1.0 0.56707272365908
18636 35209 1.0 0.8942286545882036
32694 39636 1.0 0.015447718024467205
50565 77526 1.0 0.00572440493264037
19473 32349 1.0 -0.2975585949996318
2395 24 1.0 0.6376261074162095
863 35433 1.0 0.13421008546338764
49916 74099 1.0 1.9429450301377942
32217 41008 1.0 -0.027259505812293083
4683 31908 1.0 0.10616269705163917
928 1793 1.0 2.0950517188151974
2120 28957 1.0 -1.0009005056468063
32213 49969 1.0 -0.8480536662735529
40384 81831 1.0 -0.04613606531356518
14662 23773 1.0 1.8992075692131434
31421 36584 1.0 0.47059483811800695
45018 45279 1.0 0.127704513721006
73942 73943 1.0 1.5080782409403009
49709 50505 1.0 2.9384297502858674
2669 37381 1.0 -0.1528009490740847
13235 56256 1.0 0.23008881218792654
32123 74860 1.0 0.9850788964855351
31667 62587 1.0 1.2446422279580036
6251 31542 1.0 1.7051221499611833
31421 74804 1.0 1.0027490434004411
5839 74833 1.0 0.08847486100297597
46439 46612 1.0 1.9304396403179944
46394 79686 1.0 0.5974082977752471
32266 32797 1.0 3.144156296771505
2971 34707 1.0 0.009284182791796214
2906 40523 1.0 -1.4262016891408882
22187 19632 1.0 0.9879123441056163
26350 36161 1.0 -1.0641385364641427
44888 45279 1.0 0.7592965349114718
35446 34714 1.0 0.4459411580850261
2158 28983 1.0 1.009213406577647
19614 14904 1.0 3.0573136560428047
28166 74810 1.0 1.854370578397122
39291 39302 1.0 0.5013242089041141
1158 39697 1.0 1.349711393146234
2091 31579 1.0 -0.57806239544467
37 26328 1.0 1.2952419398430082
43860 73917 1.0 0.5952074518756423
66 4148 1.0 0.4091059544092117
43917 45049 1.0 -0.5896532273061008
39957 40404 1.0 0.19058442674961307
72863 73072 1.0 2.5221840984029216
71079 71091 1.0 2.2783332471122644
3296 28957 1.0 -0.8837913381305831
2682 37444 1.0 0.7101678789059558
14947 24940 1.0 -0.6391276591490618
28578 71788 1.0 -0.13796273245317137
44241 44366 1.0 2.272847068112385
50032 70433 1.0 -0.6908590187165826
44379 45018 1.0 -0.2569612004968991
44829 55907 1.0 0.6068918959392111
71041 71042 1.0 1.1770239844360542
41209 79667 1.0 0.12844449797008495
27563 81327 1.0 -0.1323753694936487
32779 40914 1.0 0.2962249487823929
36597 36694 1.0 2.854384447692503
1130 39943 1.0 0.2963357927635022
73093 82086 1.0 -0.5345262461201803
15717 71143 1.0 -0.036862462068004254
1906 4219 1.0 -1.0586999188367514
35462 71542 1.0 2.3935501205068044
1391 1392 1.0 3.090945150597058
30388 46470 1.0 -0.21681848415681548
35945 34502 1.0 0.5586635810905012
134 1673 1.0 1.414112866577887
5786 45980 1.0 0.2837069216787713
2056 2193 1.0 1.3205877104422583
18426 18427 1.0 1.3183256997026758
6358 40370 1.0 -0.29367659279673575
789 6028 1.0 -0.4224383813318209
26334 36754 1.0 -0.08542868096301404
2511 36649 1.0 1.0318585591421394
39787 81870 1.0 -0.5517415796916723
36 21371 1.0 0.887443128316141
1692 40528 1.0 0.6535494102254904
71938 73792 1.0 1.5426437531703976
17989 50767 1.0 0.0992372766025198
20196 22859 1.0 0.7934928267853747
36662 49546 1.0 1.3016519487043743
31932 39055 1.0 -0.8383261010840233
1704 6065 1.0 1.228622563856441
199 4850 1.0 1.2716698170179308
32586 36740 1.0 -0.5567776900908066
111 395 1.0 1.565405341346036
33802 33868 1.0 1.383423432629363
38917 77695 1.0 0.5143419685168269
40032 77584 1.0 -0.8069477136641727
18597 39264 1.0 -1.3761869386354313
2503 36008 1.0 -1.990524089937432
28337 46975 1.0 -0.8083559683936232
813 40419 1.0 -0.8462711068065931
39089 39455 1.0 0.16012215147866304
1184 81249 1.0 0.023074919460668086
29099 24 1.0 0.94740197481129
26384 31154 1.0 0.43361214534262627
49747 49748 1.0 2.2799337975003215
20757 31709 1.0 0.16709863398919755
34489 43908 1.0 -0.6432681745331594
72315 71938 1.0 0.5494970524842262
24621 20755 1.0 -1.782309214457816
3022 53759 1.0 0.7772099598227244
522 40016 1.0 -0.06657820580959961
81323 81463 1.0 1.4087223518820768
53451 71614 1.0 -1.7427582513455273
40107 81957 1.0 0.22562218828956992
31505 77313 1.0 1.898496285305183
35989 54715 1.0 -0.7154654408978955
36378 39089 1.0 0.776651167091116
22072 16726 1.0 1.2689103527010617
62309 79686 1.0 0.20558328977518925
32710 32725 1.0 0.09753490901202677
72099 78089 1.0 1.4448580299488614
864 26138 1.0 -1.119685757159718
46419 46636 1.0 1.7154956428957087
31594 77449 1.0 -0.7363790929308536
26321 26350 1.0 -1.0279712813431234
35869 46177 1.0 -0.7228911233045712
20022 50743 1.0 0.5738949777164297
28746 28750 1.0 2.2892101634852486
71486 77980 1.0 0.4254124484364781
46700 77841 1.0 0.9917371483620694
21640 53888 1.0 -0.5738948488631812
6266 71601 1.0 1.3192252787113254
15013 70433 1.0 -0.7859007715829849
24760 43845 1.0 1.1011208352543629
57153 55926 1.0 1.1610184682210738
14568 47133 1.0 0.2312928667219698
46692 46694 1.0 1.6121033357740118
197 34709 1.0 -0.17268388265743218
46578 46579 1.0 1.7376905349382012
32266 36866 1.0 2.211234832553006
40806 77506 1.0 1.427172293965445
34284 38640 1.0 0.2977986238373791
1567 4148 1.0 -1.2424494565972721
45062 47169 1.0 -0.6449445154668942
13236 31419 1.0 -1.186054990238122
28989 74850 1.0 0.6192027873860961
26031 74804 1.0 1.9910664524498662
40821 40828 1.0 3.4095709639044256
55885 60357 1.0 0.6478265499969873
3025 2406 1.0 1.4508650029407884
39724 71058 1.0 1.1428557424127512
16335 22768 1.0 2.449248036375628
16630 31727 1.0 0.8389749853370057
31374 71836 1.0 1.3901801687531805
46694 46695 1.0 0.9163618293737817
21496 35879 1.0 2.1984420057221508
1158 39883 1.0 1.6053579828766198
36060 36668 1.0 -0.12232777814726825
31237 31837 1.0 0.4983491276830032
174 34707 1.0 -0.9026850968218691
25732 16025 1.0 0.8259219683787873
15128 17726 1.0 1.589633887248197
36161 36151 1.0 0.9999999850080823
6362 45866 1.0 1.200023738107098
2922 2951 1.0 0.9045844461562191
5863 41097 1.0 0.4923464273618763
26500 31266 1.0 -0.33627858655301957
34735 38439 1.0 1.0922544060427803
28559 39881 1.0 0.15520447900669398
32124 39668 1.0 1.8986754913296677
55685 55689 1.0 0.20253922084539622
45334 45338 1.0 1.2208927124926916
26310 28021 1.0 1.7885668782965711
28414 74522 1.0 0.7030110413988095
2969 32611 1.0 1.0335287426978144
18087 22290 1.0 2.5539831409416274
39691 74804 1.0 1.544088550501812
2857 74978 1.0 0.5540021269257174
14915 2395 1.0 0.9999999751586425
28300 74375 1.0 2.1177788598983334
46494 10109 1.0 0.7227424703907688
39759 78767 1.0 -0.7857675615038264
80001 80002 1.0 0.7586792542680476
605 40213 1.0 -0.2779696438642545
50449 48827 1.0 1.466661872721396
28181 35273 1.0 0.582276641379351
39883 81249 1.0 1.1098663107735327
80000 80002 1.0 1.137131461917435
20246 31908 1.0 -0.5095228666361988
28290 82010 1.0 1.4644532968117303
35023 41292 1.0 -1.6457361513660835
1054 39826 1.0 0.918741600916505
31929 32248 1.0 0.5980040043634327
32684 36301 1.0 -0.49776121192809475
44859 44865 1.0 -0.7548247403096555
32003 38891 1.0 0.6118549299241562
75146 81957 1.0 -0.19546962939664647
19473 74804 1.0 -0.24066745603978656
16439 19280 1.0 0.9774911224555084
17215 20518 1.0 -0.1932259339651794
40107 75146 1.0 -0.7078177391585303
32028 54023 1.0 0.8285551636992365
4316 27348 1.0 0.013759623021255774
1861 14476 1.0 0.6976679510306378
81433 81592 1.0 1.8914855996903643
36924 36930 1.0 1.2826668715778107
62231 77644 1.0 0.7893538913210929
1268 4169 1.0 1.2265983929187945
19473 32985 1.0 -0.06293174153953429
2125 50765 1.0 -1.2003100261185176
5435 77379 1.0 0.40608759714496556
32309 36191 1.0 0.9981406760975404
32660 35923 1.0 1.054736623635589
15998 46695 1.0 1.288274048304802
81206 81415 1.0 2.4072620579044752
14568 47719 1.0 0.41361124665410354
52 32349 1.0 1.1339892069219673
649 32011 1.0 -1.3628727840203148
28552 40047 1.0 1.8330446265259506
80002 80004 1.0 0.6663876038877079
72896 73838 1.0 0.13973947664036412
81130 81141 1.0 1.4424397866718317
2343 49740 1.0 0.44748611520224446
26350 36151 1.0 -1.1172563336530192
40055 40379 1.0 1.650049097526277
28337 46361 1.0 -0.09711998798818589
75499 75834 1.0 2.358143188411158
32905 77845 1.0 -0.0776477741809316
28291 40154 1.0 0.30971546440117925
6010 16284 1.0 -1.3923278053339954
26523 74942 1.0 0.8180152841722401
15764 14596 1.0 0.9759878789277779
50217 31056 1.0 0.11226830023757439
28141 31123 1.0 -0.5216158930977284
26576 38586 1.0 0.5440505221114647
16310 16311 1.0 2.074863761200685
33868 36870 1.0 -0.27626373143559046
33822 40849 1.0 0.750280848751893
32182 39797 1.0 1.441677438335629
26725 39162 1.0 0.24946985132607513
44766 54302 1.0 -0.11831454245164608
81206 81207 1.0 3.0771973206600136
28067 62503 1.0 1.5442301019112556
32172 49546 1.0 0.7983472932438489
14913 14894 1.0 1.491526785484213
45336 45338 1.0 1.0247515617077367
5616 5620 1.0 0.8319378267224566
26104 75131 1.0 0.8785160880703979
32777 74731 1.0 1.0771629479976979
53190 57548 1.0 0.5233209337691156
6408 36663 1.0 0.3497031835822406
14625 29102 1.0 0.9438522467447166
45151 45212 1.0 1.1511726839631544
374 1372 1.0 0.44078815114913295
4888 38370 1.0 1.3137916048460638
39751 39757 1.0 0.8247483045378958
27513 41097 1.0 0.4716654296055156
2067 26417 1.0 -0.07063097363349624
74711 74722 1.0 2.9235858656525204
38736 38738 1.0 0.8223123677520165
6057 39953 1.0 -0.5736444012740511
39035 53959 1.0 -0.860249794357165
3016 77854 1.0 -0.3950562540542335
40384 75270 1.0 0.4146352351474698
44987 45001 1.0 0.7385055411698118
5508 36613 1.0 1.6163337424325135
15545 15901 1.0 2.9892630667292535
36151 36929 1.0 1.512414203399074
13043 30857 1.0 0.5015313308041687
4170 47058 1.0 -0.5682769417192342
28166 31123 1.0 0.4110056953762411
114 35312 1.0 0.09423542630419246
28500 73917 1.0 0.643187359317239
32349 74804 1.0 0.9998315261846468
28036 62437 1.0 0.8296822421302883
37444 39007 1.0 1.6815120919626922
31554 56148 1.0 0.30671994312845885
1392 62271 1.0 -1.4886985669596235
15459 15833 1.0 0.9717139674618692
31314 32344 1.0 0.5312404877836199
32985 39691 1.0 -0.02022918358026149
1392 39801 1.0 1.481166425557772
32242 32982 1.0 0.45589833776673006
25321 35977 1.0 -1.3330739780098542
436 40512 1.0 0.3678531370554181
976 1602 1.0 2.0338909026708434
864 74744 1.0 -0.16892779365848876
44379 45279 1.0 -0.07917211647048439
773 5759 1.0 0.9479169254800981
32541 36801 1.0 0.6011464096412835
34858 38375 1.0 1.4739068713431864
45953 53460 1.0 0.07611647532525434
49740 50528 1.0 0.5359633364562255
32071 39521 1.0 1.1875814404586236
16288 46994 1.0 0.25704567138295187
6229 28778 1.0 1.4426948255003058
17005 25898 1.0 0.22936697290649177
39812 62357 1.0 0.6468254880893287
329 4037 1.0 1.4034533472945432
2682 39007 1.0 1.1327555863701186
5475 50765 1.0 -1.0350722136044355
1287 4160 1.0 0.8193663599244463
169 40074 1.0 0.8583109058784053
40032 81941 1.0 0.1821229267814959
31905 32697 1.0 0.9977373254911753
32172 36664 1.0 0.5691542619132328
35532 39639 1.0 0.6081566210012377
395 72481 1.0 0.15238261336183245
5442 16784 1.0 0.08795856736729468
1860 28552 1.0 1.340105327390714
32309 36900 1.0 -0.3179866183896154
26031 31421 1.0 0.9276961755593508
44984 45279 1.0 0.5477891476367978
2343 49649 1.0 -0.375034516794706
36662 36664 1.0 2.1142962549071553
25894 25898 1.0 -0.28360309314198107
73681 81888 1.0 -0.34491760099974433
16163 63446 1.0 0.7803473702612733
32451 39516 1.0 0.8888225241409831
46466 46494 1.0 3.0663878982741837
47140 57162 1.0 0.301969710826703
26321 36929 1.0 0.9153923995218479
38461 46443 1.0 -1.2051202771604936
53364 55907 1.0 0.2853885547874946
36699 39260 1.0 0.5695844496683373
2821 40154 1.0 1.2737443831436062
39007 39286 1.0 0.9773865359350358
49636 50907 1.0 1.7184037492396071
952 6028 1.0 1.6455971806834027
35269 28848 1.0 -0.5151561896734727
31980 32268 1.0 0.6582319802443093
44874 53771 1.0 0.39275816195470115
121 40117 1.0 1.056580297224452
40047 71938 1.0 1.9652956616556208
26138 74744 1.0 0.470976241783003
18398 32571 1.0 0.9362274154020921
205 35312 1.0 -1.1930046082356571
5619 71015 1.0 -0.041679529344599286
49740 78739 1.0 1.417508591776342
27879 31667 1.0 1.6291164202603663
19265 31428 1.0 0.11207806721329816
22674 39799 1.0 0.8362305349361308
51051 72562 1.0 -0.2896681387205451
26314 77909 1.0 1.3314005563823588
31561 74731 1.0 -0.5638743638722126
36917 39467 1.0 0.5819670144570033
550 39758 1.0 1.3022294749139651
36370 71465 1.0 0.08171050800734858
5475 46443 1.0 -0.398442265364948
81323 81353 1.0 3.1010243177489336
96 32116 1.0 0.9396126441582825
71747 73386 1.0 1.3444103038055661
1958 22869 1.0 -0.08897991016423146
6279 39349 1.0 -0.2205430468002656
16149 39505 1.0 0.2364004864385374
45334 45337 1.0 0.3707797239289723
939 71940 1.0 -0.6292556034935926
822 27590 1.0 0.7029500824865211
71727 71731 1.0 1.6312366681079828
35263 36932 1.0 -0.02679655444367346
31093 31132 1.0 0.6079783272294681
31421 39691 1.0 0.517788760105923
17480 39528 1.0 0.9783612162919413
31506 77324 1.0 1.4913055680352754
52870 52965 1.0 2.227995316472779
26350 36929 1.0 -0.7719223722861259
5474 6362 1.0 2.240036409245292
24620 24621 1.0 -0.8395451210583982
32779 33800 1.0 0.21991163291225502
39759 72060 1.0 0.8237164160215824
45337 45338 1.0 0.2895349970363703
32428 39700 1.0 1.1374165987282758
32004 32059 1.0 1.7872740360296668
45501 45518 1.0 1.5974533050271154
45789 45419 1.0 0.901981900204556
1782 40021 1.0 0.6752606028510673
6053 39099 1.0 1.478883042674903
789 62190 1.0 -1.4660660531979333
71398 77720 1.0 -1.1503658263701317
1860 73792 1.0 1.3000632409932504
62205 74375 1.0 0.9894152741103109
4641 39419 1.0 1.0980865704320089
31824 33807 1.0 -0.10026884905033673
5227 6958 1.0 1.1749095806840117
27414 74731 1.0 0.9242000573164801
4840 4886 1.0 1.4631927216250407
27666 40755 1.0 1.5258717815124772
1968 2038 1.0 1.342742011938757
58176 58216 1.0 1.3475327459159547
26230 74992 1.0 1.0377062633349732
3323 3365 1.0 1.6494985436693168
44675 62220 1.0 0.2926483600494889
36346 34714 1.0 0.9353086904031119
736 62214 1.0 1.0797607975434205
7537 31709 1.0 0.3304861156666761
1685 62526 1.0 0.9346435647025017
53014 57146 1.0 1.2869959772762667
4512 14398 1.0 -0.10829275890355738
70882 70920 1.0 3.103030161817662
18632 21258 1.0 1.7031638651442356
16455 74596 1.0 0.20607516309340768
788 5740 1.0 -0.8690098084105577
40824 77937 1.0 0.4630768282454756
44874 74730 1.0 0.7370066643531965
32968 32974 1.0 2.7421287235464233
28717 70873 1.0 -0.3287393475510454
32519 35372 1.0 0.8964367864241355
32520 32586 1.0 1.3732471514004456
36654 39370 1.0 0.3384155755392675
73817 75532 1.0 -0.9307377170726738
93 39854 1.0 1.2857610908889363
37444 39286 1.0 -0.09699958984042278
45060 46427 1.0 0.10684162652995366
5898 39035 1.0 0.17455360581654067
15013 50032 1.0 0.006314382457806245
43722 43729 1.0 1.0000000389825174
950 40523 1.0 0.5789239162944697
53 6107 1.0 0.04578527325984494
3184 34079 1.0 -1.4588027792948677
32035 32509 1.0 0.9517803508732589
35516 44272 1.0 0.3810874815132983
39880 71938 1.0 0.65194959825794
15429 16888 1.0 0.7669862657529507
17209 45557 1.0 -0.31422994300320983
28818 77741 1.0 -0.05767570230649288
40809 77504 1.0 1.3910540730127514
1391 39801 1.0 2.1554677901981827
32664 35909 1.0 1.7043199647104599
32438 33653 1.0 -0.11046673495933335
31123 74810 1.0 0.0927078569883808
32643 32266 1.0 2.2544985372164557
1038 35659 1.0 -0.8585978119510598
5619 71135 1.0 0.9974822438608869
1863 28560 1.0 1.3255941597332248
38461 50765 1.0 -1.4486717226080343
24620 20755 1.0 0.06285003512873555
4683 20246 1.0 -0.46472366913182217
35500 71490 1.0 1.7809980726080912
35446 36346 1.0 1.6313138801266498
4099 5646 1.0 0.9999625689474113
16568 17127 1.0 2.355957784378497
39069 74942 1.0 0.16885591008985767
28559 28560 1.0 3.3477664795490236
62252 75126 1.0 -0.4359098076380885
39699 40032 1.0 1.7197632636934723
19859 49965 1.0 -0.24581194377894766
11169 11176 1.0 0.6142781033567799
74581 74406 1.0 2.383812498554515
27530 28021 1.0 -0.5304412195718768
5744 36808 1.0 0.493598814714866
53460 56754 1.0 0.5146571891328786
25117 23242 1.0 2.2076593379353344
4917 31926 1.0 -0.2104498916969546
40937 74978 1.0 0.5907744986235626
14915 24 1.0 1.2950523991394922
5996 28827 1.0 0.3332714721975365
6040 74253 1.0 1.2496544756487786
550 77367 1.0 0.3792978442712689
34078 46699 1.0 -1.214793522185242
32020 39074 1.0 0.10620200259506629
43097 43372 1.0 2.237441434353328
71563 20755 1.0 0.9997934921781865
32568 35306 1.0 2.1260241155236637
36584 74804 1.0 1.207480003071673
25558 37518 1.0 1.6391178453288775
46287 71626 1.0 0.17653447393210042
32259 32658 1.0 1.8209284194482809
45934 45936 1.0 1.7134858973144411
31537 62214 1.0 1.590238926618433
329 786 1.0 0.6031209870665839
44978 45020 1.0 2.559846272604699
15717 41829 1.0 0.6659432828937599
31421 32985 1.0 -0.35408066016081285
28136 28172 1.0 1.449543633376448
14699 15099 1.0 -0.08310618201321973
3244 4107 1.0 1.2412964859360753
36195 39030 1.0 0.21315711552540617
36192 39035 1.0 0.0460645611153121
17893 37253 -1.0 -1.5165520261338203
5898 75140 -1.0 -0.3411428006938979
18399 32905 -1.0 -1.241253165726817
413 32697 -1.0 0.5925327156066382
1794 1978 -1.0 0.25673099352947193
31315 38736 -1.0 1.7354232980749145
38614 40379 -1.0 -0.5826366547345612
52820 54186 -1.0 1.6990053280472703
4347 16368 -1.0 -1.3911197676384939
28341 28559 -1.0 -0.05217490709847428
5658 17150 -1.0 -1.5822620839911972
43783 55122 -1.0 0.6232232611763515
4354 76649 -1.0 -0.34214152188272706
37043 74609 -1.0 -1.340272928554683
863 27241 -1.0 0.13148903702522508
18225 18227 -1.0 0.734577303133032
169 75148 -1.0 0.6847255635972227
4512 31579 -1.0 -0.8919103189580047
21496 44287 -1.0 0.1156458201096211
15454 71615 -1.0 -0.7784085792364088
199 32113 -1.0 0.467160273278197
32043 45967 -1.0 -1.1336530290406328
16163 40512 -1.0 -1.192296160977366
31826 36008 -1.0 -1.51405893098788
22713 53362 -1.0 -1.4549244488605133
36874 39000 -1.0 -0.371934919142598
36933 53955 -1.0 -0.5869289532656925
1833 77419 -1.0 -1.533394689541335
4969 74995 -1.0 -0.37673280000126086
1750 40419 -1.0 -0.7551704439137108
43952 73898 -1.0 -0.9666828524640163
32417 74755 -1.0 -0.3023509974185976
5744 73917 -1.0 -0.9679460272795399
35689 39392 -1.0 0.48191749390325334
32025 72637 -1.0 -1.1207295215926876
9788 43902 -1.0 -1.639418157106499
72769 75533 -1.0 -1.4740682166585528
5616 81030 -1.0 -1.5450707864333064
32312 34267 -1.0 1.272855318080604
1038 23351 -1.0 -1.830890115416055
121 39026 -1.0 -0.686169835070134
788 38868 -1.0 -1.3621499282762652
16995 17511 -1.0 -1.063685121140471
19699 72436 -1.0 -0.20826661852039274
38342 44709 -1.0 -0.9080360755196644
26481 32711 -1.0 1.4908280365560274
41276 71135 -1.0 0.1703757130905541
5482 21231 -1.0 -1.325702226545813
24621 43902 -1.0 -1.6649313215650503
17449 21103 -1.0 0.32400092613289977
44537 62471 -1.0 -0.6174918711016413
14964 23366 -1.0 -0.12937970897582973
33115 81883 -1.0 0.18051317507112397
39044 78105 -1.0 0.06523555893362487
16762 77664 -1.0 -0.6452299702477444
44571 77976 -1.0 0.14535936602148802
35269 36870 -1.0 -0.6632682789041615
28909 36613 -1.0 0.6331096018370843
32417 46702 -1.0 -1.3485999953918824
6228 30857 -1.0 -1.3944099865519375
23827 36370 -1.0 -1.7625756469883163
2946 36576 -1.0 -0.7346927087395358
2158 17845 -1.0 -0.19893490037701467
770 772 -1.0 1.1297061509743145
38740 48827 -1.0 -1.141326312081365
17941 32992 -1.0 -0.8117213986530945
34921 39118 -1.0 -1.441383494550157
1049 72206 -1.0 0.510718245486572
93 445 -1.0 -0.4171893765079471
223 75405 -1.0 -1.1762744902583364
44775 46636 -1.0 -0.6825634279168802
46708 62422 -1.0 -0.3957300953292817
39238 39448 -1.0 1.8168802078212705
1737 40467 -1.0 -0.9858609728273859
30241 39896 -1.0 -0.05889947116112215
2395 50824 -1.0 -1.0537949634412533
31980 39075 -1.0 -1.0170927446472509
18399 39291 -1.0 -1.0384022159612747
41253 41279 -1.0 -0.01517887733852219
25036 39015 -1.0 -1.6641748823720022
37108 52786 -1.0 -1.4376474137529809
38323 46395 -1.0 -1.182868139602788
20910 35059 -1.0 -1.2915601218590091
228 2916 -1.0 -0.4534986514515351
44906 53460 -1.0 2.40532522371899
1372 1374 -1.0 -0.18708608613357702
53855 79020 -1.0 -0.7162252003459364
15619 47232 -1.0 -1.0878053986282037
73846 77315 -1.0 -0.4241155596870234
4145 38999 -1.0 -0.943856077243963
41197 21643 -1.0 -1.1993801771472037
4100 78101 -1.0 -0.7142970487914893
2126 31428 -1.0 0.9392695267059791
1444 6429 -1.0 -0.49539468304335355
2203 27200 -1.0 0.695284996161617
9788 71476 -1.0 -1.7808608118791707
32217 40018 -1.0 -0.6092478499266183
6493 44409 -1.0 0.6373693323393264
38600 77141 -1.0 -0.7309407829222261
44537 46730 -1.0 -0.31899617784373824
33859 77466 -1.0 1.2865674039665322
5029 6266 -1.0 1.585591775737024
3025 28848 -1.0 1.4474969516296827
28788 34177 -1.0 -1.0226132855112513
15410 77315 -1.0 0.032611539171116144
22353 73918 -1.0 -1.6408770336960838
53857 79020 -1.0 -1.3108717944475727
2680 18597 -1.0 -1.144697231101802
522 15768 -1.0 -0.8603525784892514
35253 45946 -1.0 -0.7225941975035068
46723 76047 -1.0 1.8377080104742713
21652 30953 -1.0 -1.332905494811678
2343 70920 -1.0 -0.36320402310734234
5692 33610 -1.0 1.121562604438617
1968 44978 -1.0 -0.12177418814736996
4342 39954 -1.0 -0.9590907682473717
43880 44840 -1.0 1.6937515992180403
46266 51702 -1.0 -0.6388660546096916
1854 5075 -1.0 -0.9143215601926369
32309 32628 -1.0 1.6281318111505363
32438 32448 -1.0 0.3716475483029269
5499 70985 -1.0 -0.9745353963234864
21213 34181 -1.0 -0.9580740705540749
228 1978 -1.0 0.21466657532228584
35532 52792 -1.0 -0.9630275276211315
23714 37236 -1.0 -1.5631846122913817
2922 27112 -1.0 -1.493235746766885
4310 35700 -1.0 -0.7659543777342437
4316 74188 -1.0 0.5611528527167449
29021 40838 -1.0 0.3577632703240774
4968 74994 -1.0 1.6676962685108534
1739 28632 -1.0 -0.6952995613825781
14959 40117 -1.0 -0.6414806772266131
36527 38736 -1.0 1.2292426360200368
4100 54857 -1.0 -1.1313007995677835
40175 40720 -1.0 -0.0791871902727459
36195 6930 -1.0 -0.5885798557991735
39528 57162 -1.0 -0.14050878075338247
4396 55459 -1.0 -1.3898038350903752
32340 54996 -1.0 -1.6934517711096833
15874 35945 -1.0 -1.0675121165577233
28455 32160 -1.0 0.2698071510142068
28500 49996 -1.0 0.36514531839939135
39896 72766 -1.0 -0.4075672739435561
62205 71728 -1.0 -0.7473103161901693
24590 37253 -1.0 -1.6530132411118204
1501 74189 -1.0 -0.2702783669028128
2564 71626 -1.0 -1.6003700669467542
3518 21294 -1.0 -0.833626563165883
39119 40767 -1.0 1.6436221344816473
39053 56062 -1.0 -1.1460984428933703
5834 35663 -1.0 0.5431761758296958
55190 58002 -1.0 -0.6253356336444025
2861 77287 -1.0 -0.6889358745659617
57151 55926 -1.0 1.1344358170398192
32981 35121 -1.0 -0.4941039948688939
32032 39119 -1.0 1.1885434486888702
39637 40345 -1.0 0.012973602574448462
24581 63347 -1.0 -1.195742724799938
40050 50051 -1.0 -0.37035163942486093
81605 81358 -1.0 2.185813283463387
1613 3025 -1.0 -1.1208817705111156
32992 45967 -1.0 -1.1505028676168072
28985 32108 -1.0 -0.0016497547479945585
957 72240 -1.0 -0.8819159523641154
3820 3296 -1.0 -0.8107399972320364
26764 74748 -1.0 1.074405622181872
127 71731 -1.0 -1.4955943798874038
329 72086 -1.0 -0.33983590592273405
26409 49932 -1.0 -0.33042835875913923
6554 32055 -1.0 0.223334147122072
40419 74465 -1.0 -0.7878329627497651
41883 43375 -1.0 -0.10511977326702016
38229 38875 -1.0 0.6302007499147753
2255 20252 -1.0 -1.2766475377822135
44494 70312 -1.0 -1.0388748557121192
46564 77854 -1.0 -0.4057948606123727
16976 62682 -1.0 -1.7412304156489435
5760 17227 -1.0 -0.7394614066421341
77668 77669 -1.0 0.8612871474174415
6040 2357 -1.0 1.809736481039642
15688 82113 -1.0 -1.3207688824623705
23350 36698 -1.0 0.016972117188080338
24590 36155 -1.0 -0.8745630041939627
46140 71938 -1.0 -0.3471693899335153
77304 77937 -1.0 -0.2803201879562689
39241 75380 -1.0 -0.6103696012557083
1836 24240 -1.0 0.828501612299873
34178 50824 -1.0 -0.9658240654165038
6057 39738 -1.0 -0.222241434368184
36045 39053 -1.0 -1.0659886894991915
553 24952 -1.0 -1.6302349562194758
1021 40032 -1.0 -0.5793338656502507
46470 15917 -1.0 0.30326465113346424
44065 46612 -1.0 -0.7758359246117266
55134 53075 -1.0 1.1125277712861492
26419 73817 -1.0 -0.36177443664621034
16688 39594 -1.0 -1.713764608939305
26318 76763 -1.0 -0.15299966124987252
40402 72060 -1.0 -0.35729528843178215
15447 16046 -1.0 -1.3753332020686457
39775 77662 -1.0 1.5602637046781689
14568 46439 -1.0 -0.11159794936812273
2503 18225 -1.0 -1.8849530483757135
1038 39932 -1.0 0.5268660753121803
62220 70489 -1.0 0.3051307323570678
23577 43375 -1.0 -1.6950142282064564
74775 78894 -1.0 -0.19913455113008327
32267 58359 -1.0 -0.6895298498806142
45955 74353 -1.0 0.15354301292695505
2564 50141 -1.0 -1.5596318091412633
36924 37054 -1.0 1.3235438462510933
4099 2395 -1.0 -0.6023369355437049
28746 45214 -1.0 -0.9656953442146374
3015 55885 -1.0 -1.318789844673467
5620 81045 -1.0 -1.5643854936163963
26248 38911 -1.0 0.41341170056441956
2687 73807 -1.0 -0.2907766018165763
30241 70969 -1.0 -1.2477051122062677
205 21443 -1.0 -1.031819323420768
665 72769 -1.0 -0.8962138010966441
44941 55907 -1.0 -0.09860936025623235
19808 43976 -1.0 -1.512819371040957
31379 44224 -1.0 0.807967011718921
16065 15837 -1.0 -0.5390135624318133
2883 23397 -1.0 -1.0521308443472495
6321 36576 -1.0 -0.23170127289210862
31852 31998 -1.0 -0.10663269464291392
19545 74786 -1.0 -0.8306603721516916
40447 43865 -1.0 -1.2144582760630773
31238 73095 -1.0 -0.8094685935425399
38461 43375 -1.0 -1.427558900436357
3962 74192 -1.0 -1.253257775191234
56754 74196 -1.0 -0.4075212024825605
36359 71489 -1.0 -0.34904214570485115
35700 49583 -1.0 -1.4101446652197325
24951 40220 -1.0 -1.509347278201981
28794 32031 -1.0 -0.27227449541055204
20121 22999 -1.0 0.30612022115951043
3640 6124 -1.0 1.9601207058047583
32417 70969 -1.0 -0.7035011054754623
21320 79020 -1.0 -1.1100486975575898
580 26983 -1.0 -1.6163874393168691
134 6372 -1.0 0.8755130470459147
32241 35923 -1.0 -1.0393039434258595
6321 77419 -1.0 -1.5579414078046154
3 36584 -1.0 -0.872251117180963
5024 45946 -1.0 -0.2611084642942427
32426 39697 -1.0 1.391666600034222
19624 72282 -1.0 -1.5303430746977482
14990 17667 -1.0 0.38898852633752745
4161 6380 -1.0 0.10856110175752032
16065 31284 -1.0 -1.4065562039618782
10298 43820 -1.0 -1.3658941500322537
720 863 -1.0 -0.1695796315834035
15344 16432 -1.0 -0.1696140060141511
16578 81093 -1.0 -1.0548297059910272
34836 81870 -1.0 -0.6046520741011476
1000 39249 -1.0 0.9526055313946837
1782 58141 -1.0 -0.7522192117930344
4310 53959 -1.0 0.592867070801856
18227 35023 -1.0 -1.6088967392512283
5836 71486 -1.0 -0.31973078882991635
31999 5567 -1.0 1.0099092942287888
17106 27112 -1.0 -1.3257063129101776
1501 33805 -1.0 -0.0330663116960066
21081 45609 -1.0 -1.5543017289912444
4107 4957 -1.0 1.5217886150743147
19105 39718 -1.0 -1.5561708416874542
16688 26349 -1.0 0.14755929254630273
37043 41125 -1.0 -1.4672554898753059
34709 82061 -1.0 1.555496511300619
40900 77132 -1.0 1.0133788758130566
5727 34139 -1.0 -0.18113385729941323
4977 46142 -1.0 -1.0357081464991746
1968 44539 -1.0 -0.11537231927269587
6284 39724 -1.0 0.3351448716505261
31441 45144 -1.0 -1.010239344134893
42588 81357 -1.0 -1.3468122107779794
28851 32664 -1.0 0.4711793706209042
45956 74097 -1.0 -0.9212486916241915
28166 55907 -1.0 1.4335538847039822
972 39804 -1.0 -0.28152922502937106
31335 39637 -1.0 -0.6977100577083286
31824 32295 -1.0 1.0256555473550661
31267 31686 -1.0 -0.9241973969228257
22117 53750 -1.0 -0.46049731746590217
31053 29398 -1.0 -0.10985506415703061
1093 2021 -1.0 -0.9849777488645435
957 6536 -1.0 0.3663631846824156
43372 50090 -1.0 -0.13694438971212408
5898 45453 -1.0 -1.1291461960212867
1651 1863 -1.0 -0.08214559938504284
23873 42034 -1.0 -1.4477386962357088
40832 76642 -1.0 0.012691509487009034
4832 32974 -1.0 -0.9346972674934251
6063 24850 -1.0 -1.4639065154343571
1179 39286 -1.0 -0.3629292450274546
31729 52786 -1.0 -1.517501179737875
14974 47232 -1.0 -1.1104790603731658
32096 36868 -1.0 0.2647515118325321
55739 56751 -1.0 -0.7146300325708754
72778 74553 -1.0 -1.1495820418547074
46589 72854 -1.0 -1.4123863247490935
32723 53797 -1.0 -1.377982563300458
5824 33601 -1.0 0.10636865576815713
383 36698 -1.0 0.2516636983037983
4802 4898 -1.0 0.5029003002565247
17152 26085 -1.0 -0.6604242008582322
1561 34858 -1.0 -0.9595500797010184
52869 55785 -1.0 1.0447385492164394
5760 18264 -1.0 -0.5773749848912706
1444 40222 -1.0 -0.9851224918088022
1562 1604 -1.0 -0.7500068639942814
23714 74133 -1.0 -1.2195631166285157
43885 47082 -1.0 -0.26323320276349227
68521 74500 -1.0 -1.6614109118532863
603 17674 -1.0 -1.8180644747670551
56751 73975 -1.0 -1.3630561338843865
1776 2861 -1.0 0.12377335563213099
27253 39710 -1.0 -1.3223838870131912
31584 33857 -1.0 1.228096623508879
32031 33821 -1.0 -0.07829371879148495
32295 34670 -1.0 0.10400619074815065
71728 74375 -1.0 -0.6157332057918623
40540 81831 -1.0 -0.06398790365134999
765 34712 -1.0 0.013180076196219082
605 31745 -1.0 -1.6581905441448326
34489 77470 -1.0 -0.5806896966888679
16925 75093 -1.0 -1.523300376056262
345 15837 -1.0 -1.2586250938216432
28341 28560 -1.0 -1.074009917062042
1656 49333 -1.0 0.1124950092364172
16428 16433 -1.0 -0.8675740379715924
758 32029 -1.0 0.9254130802029868
28186 31592 -1.0 -0.4853320192541557
15948 53259 -1.0 -1.3255067964145728
39240 75380 -1.0 -0.8706593264849936
32020 62704 -1.0 -1.493163153928247
38917 39175 -1.0 0.3197764432127337
2543 18754 -1.0 0.19681292416532226
26328 44513 -1.0 -0.8107107638113438
35551 46157 -1.0 2.1569663661403236
4532 31932 -1.0 0.10149577694421708
2919 70985 -1.0 -1.6155235114490227
39239 74746 -1.0 -0.5059462769057226
17288 45012 -1.0 -1.790108491713852
758 25951 -1.0 -1.4771063303091156
2956 42233 -1.0 -1.961196468751611
2503 71158 -1.0 -0.8670417344048884
32179 33857 -1.0 1.503410338955109
24176 37240 -1.0 -1.2963522138753318
19681 77676 -1.0 -0.6777839802681953
23195 43890 -1.0 -1.4816357301577883
315 71698 -1.0 0.19665294665293653
36846 37374 -1.0 1.2661028504289185
415 1750 -1.0 -1.0376497852588402
45002 72854 -1.0 -1.3679469124961372
32340 43829 -1.0 -1.2357373497979993
21573 32711 -1.0 -1.4726301091095158
15813 62669 -1.0 -0.7926317291868274
40419 74425 -1.0 -0.4114585881398831
353 36083 -1.0 0.1405986398182153
28412 32344 -1.0 -0.9824265084288126
26743 36971 -1.0 -0.4053519355393629
71788 77528 -1.0 0.029994959852591707
21211 54316 -1.0 -1.625230783406125
1400 27118 -1.0 -1.0797144317735619
1835 2503 -1.0 1.2880906641139107
770 3822 -1.0 0.3173158858514087
3857 26909 -1.0 -0.3180668232597008
53451 73812 -1.0 -1.2699043306528823
3792 22839 -1.0 -1.9061252023577264
33873 46503 -1.0 0.24872011674145678
16323 40238 -1.0 -1.685476754619459
34160 39799 -1.0 -0.7999133826629765
57151 57153 -1.0 0.23564506652870154
45134 81433 -1.0 -0.5218478507648379
18894 62246 -1.0 -0.8904904817534396
32665 70952 -1.0 -0.5233715730255266
2707 37381 -1.0 -0.85917062654757
4646 27341 -1.0 0.7404795116852261
14589 29226 -1.0 -0.41293867662917716
76 54259 -1.0 -0.5832370368466351
813 18427 -1.0 -1.5723896235655528
3025 26349 -1.0 -1.3559518502721546
2905 21657 -1.0 -1.8505819080260721
39688 41164 -1.0 -0.07428891052279041
42472 45137 -1.0 -1.5520053647510021
36572 56564 -1.0 -1.3791756182239587
2120 28750 -1.0 -0.26173501799393284
4998 28973 -1.0 -0.3185994158292642
16951 36191 -1.0 -1.3708427449144125
53859 56233 -1.0 0.19832609647494137
6341 33857 -1.0 1.8816043532944813
32137 46026 -1.0 -0.6183393323773716
5995 70996 -1.0 0.9940087487822247
25894 82113 -1.0 -1.3998499150255466
25327 74448 -1.0 -0.4817897015155186
31238 32340 -1.0 0.2134728728552162
33807 38379 -1.0 -1.1062293067282423
15304 24548 -1.0 -0.3610001151080704
14964 72180 -1.0 -0.8711420446493117
51208 77486 -1.0 -1.287024953427526
38342 43860 -1.0 -0.8869479228902581
2084 43990 -1.0 -1.1212607621170858
1767 40707 -1.0 -0.049386978305008045
15837 38769 -1.0 -0.35380667635586116
28036 36788 -1.0 0.27409586310226985
4652 36870 -1.0 -0.9514718617643285
4000 6267 -1.0 0.19696694529529135
24514 39521 -1.0 -1.3837506311673429
17171 21028 -1.0 0.04411653526995063
32375 44028 -1.0 -0.801164749802894
16787 16788 -1.0 -1.2541689133565161
4342 603 -1.0 -1.2616217491506934
456 22967 -1.0 -1.7389241740709855
16311 73846 -1.0 -1.2927227205179266
35676 46848 -1.0 -1.0351038756253348
2232 40578 -1.0 -1.1224313430522193
830 1467 -1.0 -0.9926980279678297
742 3296 -1.0 -0.04494741435018579
19105 46181 -1.0 -1.546110800797111
319 46975 -1.0 -1.252074805889603
23729 32980 -1.0 -1.5874994693888191
28788 74553 -1.0 -0.45231063171373664
77515 77719 -1.0 0.9004355717529517
16917 18687 -1.0 1.9718693268350886
39687 40125 -1.0 0.7404318347499446
16062 47044 -1.0 0.4789888142387797
20798 22072 -1.0 -0.8825078424570618
31506 36875 -1.0 0.3432898274804457
4358 16368 -1.0 -1.4012121725283433
4518 45020 -1.0 -1.6512807159809402
1937 41095 -1.0 -1.4406590786049822
71512 71513 -1.0 1.1068194259465562
22350 45146 -1.0 -1.3030363691485496
26206 46791 -1.0 -1.519207620269964
33817 81883 -1.0 -1.1310447686614626
772 3810 -1.0 -0.2516809549531973
28790 81249 -1.0 -0.1844748217260359
40074 75148 -1.0 0.07519720764225313
1562 17197 -1.0 -1.736524592351799
36819 77726 -1.0 0.7716685811764397
62105 62106 -1.0 0.06201229914410633
22052 64431 -1.0 -1.5858784392220069
40219 40222 -1.0 1.674894374695002
71727 74375 -1.0 -0.9846364801076093
15304 35605 -1.0 -1.758457801288937
433 36522 -1.0 -0.8838174526127989
261 75532 -1.0 0.2929566830185235
28788 78550 -1.0 -0.6974825667365767
32104 74015 -1.0 0.16125349096666786
40998 71465 -1.0 -1.130397514093028
30388 46290 -1.0 -1.4831927422601665
2232 4648 -1.0 -0.17678642931622202
14915 77644 -1.0 -0.2267760770805669
15764 45557 -1.0 -0.635117110561763
36082 40767 -1.0 0.43741955152676515
1007 1602 -1.0 0.7776117002690832
26261 38891 -1.0 -0.9759072584230024
32523 50056 -1.0 0.8916471056318992
40095 46142 -1.0 -1.036918500556021
32268 39699 -1.0 0.08213567606154615
433 2951 -1.0 -0.3516708419119938
34712 36724 -1.0 -0.9005188933715287
49581 62406 -1.0 -1.2822550085945972
75131 77936 -1.0 -0.3504808433063622
36313 54126 -1.0 0.306137764147528
39505 61250 -1.0 -1.313261248206524
31238 34585 -1.0 -0.31587096205644327
62309 79694 -1.0 -0.6673421456148558
1562 18894 -1.0 -1.1589275731629458
5893 56564 -1.0 -1.4973664607489967
21573 32271 -1.0 -1.6033853970093461
1782 2560 -1.0 0.3171082630912945
1794 18227 -1.0 -1.599775188109482
32770 56938 -1.0 0.7465645082102801
1179 31409 -1.0 -0.863551110472172
44031 47719 -1.0 -1.0077834986180965
41318 20755 -1.0 -1.2105707627004607
53 14462 -1.0 -0.8942192963177686
2166 16217 -1.0 -1.1921907081534613
17450 45124 -1.0 -1.2404173101939344
31761 36161 -1.0 -0.19127474635394792
580 4998 -1.0 -0.6533655679805124
1655 58004 -1.0 -0.6586403672868784
109 39012 -1.0 -0.5411591203234796
14944 18534 -1.0 -0.436336022952565
15429 69808 -1.0 -1.5795513601263562
32522 50056 -1.0 -0.28492049916259
43902 70297 -1.0 -1.3639879486709878
85 32841 -1.0 -0.3491690127519722
46819 72778 -1.0 -1.2357494968669114
40732 74804 -1.0 0.2990423830615916
45133 77676 -1.0 -1.5449316850988999
22073 30562 -1.0 0.17360048804763584
4582 77909 -1.0 0.21842700251066405
720 35433 -1.0 -0.28192542687730393
5460 23730 -1.0 -0.6287045533090887
31822 41278 -1.0 -0.9754378270433492
3243 4148 -1.0 1.0052795547561217
345 17065 -1.0 -1.4130648547269007
16449 34138 -1.0 -1.2595840764592565
16951 77489 -1.0 -1.497557625397628
40126 39539 -1.0 0.32159115225443435
5634 6233 -1.0 0.028963998622587583
39670 47232 -1.0 -1.3280159003560512
32765 46730 -1.0 -0.9592337110007083
15128 32629 -1.0 -0.5415980663766451
25894 51078 -1.0 -0.7883758430050105
37020 37362 -1.0 0.1781252501309425
6079 39539 -1.0 0.34972654672434955
3792 46290 -1.0 -1.4204410099969982
38190 50768 -1.0 -0.9327153890626554
33805 32623 -1.0 0.745471012030974
2951 27112 -1.0 -1.3429084279141312
17127 17128 -1.0 -0.11518549396730893
31609 77339 -1.0 0.044892490050562506
39026 71838 -1.0 -0.7561897130005955
25898 51078 -1.0 -0.06145142133865655
32905 58148 -1.0 -1.363176052640791
39012 39130 -1.0 -0.9346868377097701
972 40055 -1.0 1.08790467507319
37111 56062 -1.0 -0.7282137619141777
31335 39130 -1.0 -1.3311157280522528
17518 36189 -1.0 -1.641736479443534
19681 21573 -1.0 -0.6663618449994373
2158 31265 -1.0 -0.5839977741536657
864 33789 -1.0 0.8114782292347966
3184 56357 -1.0 -1.6184937103344188
45967 74000 -1.0 -0.6132997026018012
4784 33868 -1.0 -0.7005270864284192
16903 54495 -1.0 -0.9668821445019984
1528 36009 -1.0 -0.8067688402766935
28746 35809 -1.0 -0.12528760498809
35978 36774 -1.0 1.2369569691618763
32905 47133 -1.0 -1.2645725332527404
19173 39721 -1.0 -0.8199817083903431
34812 72608 -1.0 -1.768068291406979
2503 76647 -1.0 -0.9962599111613346
39700 15998 -1.0 0.01943244813242484
57947 72618 -1.0 -0.10580346608365754
21311 46821 -1.0 -1.017893710794918
3025 73817 -1.0 -1.1915342151116088
17837 39637 -1.0 -1.4852707367020916
14567 39055 -1.0 -1.060976016732866
4275 71486 -1.0 -1.2892062578568444
1833 6321 -1.0 0.0280936696350802
29028 31523 -1.0 -0.629179040016012
36716 38999 -1.0 -0.35339785778432775
15932 35572 -1.0 -1.5369496601511754
3184 46699 -1.0 -0.637924514227548
5834 6014 -1.0 0.3413394661344398
3296 28746 -1.0 0.25126054354335925
21259 28661 -1.0 -0.7795166119449224
22052 77468 -1.0 -1.8645984585574764
22839 41450 -1.0 -1.5254203510842737
45002 50824 -1.0 -1.4848787088296813
14485 34858 -1.0 -0.3825644189485584
46692 54857 -1.0 -0.4543014979633897
36618 71282 -1.0 -0.9769314021862181
2143 58029 -1.0 -1.0227053501078402
51876 53012 -1.0 1.576800226394445
27590 34670 -1.0 1.3426796588686076
19486 32117 -1.0 -1.69840586642957
39291 58148 -1.0 -1.3498329877098225
746 31931 -1.0 0.5743833634583364
62682 79020 -1.0 -0.6601793383414614
24621 70297 -1.0 -0.8586690129210757
501 49719 -1.0 -0.9385442646123674
723 5029 -1.0 -0.2865777383549264
39908 51210 -1.0 2.321511778268614
5478 16065 -1.0 -1.4651205972696935
4351 62699 -1.0 -1.2133677929706193
18085 18086 -1.0 -0.9717048989447288
39840 75405 -1.0 -0.8593337729892894
15196 22174 -1.0 -1.1422713513191178
3827 45951 -1.0 -0.14610983229420027
43976 72780 -1.0 -0.5001646416497572
2838 39467 -1.0 -1.4247125525118083
17433 22940 -1.0 -0.4433694372177164
44262 45939 -1.0 -0.18389198565944875
63325 63327 -1.0 1.6268912951331225
19681 26328 -1.0 -0.8057090012112811
26349 34839 -1.0 -1.016237426927797
38917 45034 -1.0 0.22061322566266361
44030 46439 -1.0 -1.429912317504622
22713 32754 -1.0 -1.7732016899436251
44987 46589 -1.0 -1.4531178906187852
30355 72863 -1.0 -1.648433379615739
1761 29301 -1.0 -0.9821882234715908
27780 28713 -1.0 -1.1234263664850426
39759 40402 -1.0 0.6978240413195629
2038 44978 -1.0 -1.236832460403332
16213 24149 -1.0 -0.6588745121365722
40404 75547 -1.0 0.2842615507089523
25036 71651 -1.0 -1.7414442551050158
44066 47719 -1.0 -1.0318602666551069
1426 28001 -1.0 0.41832792205134317
433 27112 -1.0 -0.799286543367034
42588 45865 -1.0 -1.4438103711765446
62420 74810 -1.0 -1.0063327673917244
16584 41281 -1.0 -0.8701173144548946
16005 81835 -1.0 -1.7343891965315006
5634 39779 -1.0 -1.1521402122058588
548 39111 -1.0 0.46853059777294503
22674 34160 -1.0 -0.00346647580724202
2209 45847 -1.0 -1.273631395457858
33817 29436 -1.0 -0.5158505528206323
14972 47133 -1.0 0.7117534149001232
39204 78448 -1.0 -0.8143504429187369
34079 80004 -1.0 -1.1252498610291526
16756 37381 -1.0 -1.2713408222486127
808 40512 -1.0 -0.32959869593385394
16269 32589 -1.0 -0.8904298155961765
1818 71078 -1.0 0.47048563726536563
17518 54316 -1.0 -1.4453676772032074
40083 33115 -1.0 -1.038687886395404
34921 39260 -1.0 -1.1853405117332656
37020 74362 -1.0 -1.0301530973495643
1107 77720 -1.0 -1.4263996080585422
31864 39668 -1.0 0.2524361603011547
44 38247 -1.0 -0.9413125161961946
20180 32025 -1.0 -1.584016888037406
45144 51262 -1.0 -0.6840615671163084
34078 80000 -1.0 0.015052109783021406
39566 44286 -1.0 -0.6131628595264638
44066 25999 -1.0 -1.111308997385255
40400 62705 -1.0 -1.3027396258994464
36788 5567 -1.0 0.9031637313355305
27601 31335 -1.0 -0.5674450573334773
26292 77854 -1.0 0.63144830398958
15310 36924 -1.0 -1.5784780695056777
35909 55773 -1.0 -0.9236277790418099
27595 32711 -1.0 -0.34188540929351685
23714 50032 -1.0 -1.2010022753243206
39273 72397 -1.0 -1.6845664826296742
16065 37214 -1.0 -1.5390614062069226
14565 39738 -1.0 -0.6547671334350702
39707 73917 -1.0 -0.9608635279913704
29561 42140 -1.0 -1.6586520219076726
9888 34670 -1.0 -1.2038941152433162
31589 39118 -1.0 -0.1249422536251572
70301 71170 -1.0 -1.5363724077597607
32571 32974 -1.0 -0.18228047958835747
46290 53913 -1.0 -1.3115512820467528
19602 18863 -1.0 -0.9211973145691319
6752 79020 -1.0 -0.8470674135986234
53482 54996 -1.0 -1.1509620619199397
31093 31885 -1.0 0.7300704781577247
32210 44366 -1.0 -1.0585483101630535
44978 6933 -1.0 0.29607563616104815
17289 82064 -1.0 -1.6414165916504762
3537 46543 -1.0 -1.7485624704680522
18399 31998 -1.0 -1.2997210456319124
27710 81839 -1.0 0.16561402269825876
3537 44987 -1.0 -1.4314246566944653
14607 30017 -1.0 -0.4015915643033159
52806 54669 -1.0 0.1927673370081353
2956 15959 -1.0 -1.9222906154942265
1673 40538 -1.0 1.330367133571146
28300 71728 -1.0 -0.870354886217954
40707 62496 -1.0 -1.600387173636351
37054 60753 -1.0 -1.1995123336272266
20689 32025 -1.0 -1.512930158364937
81622 81387 -1.0 0.7797030515022234
11169 71484 -1.0 -0.9180995382836938
16943 25351 -1.0 -0.2555499116379454
44269 45049 -1.0 -0.8993901834160511
31926 72599 -1.0 -1.3044260436860617
44514 53955 -1.0 -0.6186823316831878
18105 46587 -1.0 -0.04119836194972515
45002 46589 -1.0 -1.253094244049326
27115 40756 -1.0 1.9232387007232274
6492 46819 -1.0 -1.2914800733789544
21159 43478 -1.0 -1.217928801680484
1833 2946 -1.0 0.34053213243939573
56357 74691 -1.0 -1.443228827644849
39150 39239 -1.0 0.7432107142853817
32250 36313 -1.0 0.8113289756436113
15233 20507 -1.0 -0.30096711147176824
43990 72282 -1.0 -1.4651397648251105
24721 27590 -1.0 -1.3662139733943572
45676 54165 -1.0 2.0371825510498587
50005 73898 -1.0 -0.5247053910861688
34133 46201 -1.0 1.7232070789508478
294 70885 -1.0 1.631862362196646
23035 36151 -1.0 -1.1935715677024552
21573 26481 -1.0 -1.3996972365546916
53750 54437 -1.0 0.2083113453980181
519 36009 -1.0 -0.5932507785179908
40197 73802 -1.0 0.6123698814543832
36900 82088 -1.0 -0.9443695900547309
33805 36192 -1.0 -0.1474734612726949
19699 81996 -1.0 0.569411717938523
21213 32213 -1.0 -1.2727855154253738
2370 50080 -1.0 -1.3891664231206882
15099 54446 -1.0 -0.2751224381741073
3518 62246 -1.0 -1.7932692472620984
223 39840 -1.0 0.29818236127362185
31704 75292 -1.0 0.3713775806162374
1926 16085 -1.0 -1.643439912968374
16756 37421 -1.0 -1.0005023066621455
11391 21258 -1.0 -1.1757031944682201
32342 44538 -1.0 0.5687714828037602
4432 6522 -1.0 -1.0880571739272087
38961 40146 -1.0 -1.2338009035593478
1391 21952 -1.0 -1.2256039490043564
6252 15150 -1.0 -1.4549779371818414
31594 62444 -1.0 -0.1261134167726392
5658 6028 -1.0 0.5579585973259313
6060 40959 -1.0 0.0644023908056901
4148 38379 -1.0 -0.9453423112439308
43885 74453 -1.0 -0.9183774560144755
44336 71563 -1.0 -0.1710833552108002
45114 49748 -1.0 -1.5862074885868425
2560 58141 -1.0 -1.7721330053860358
6025 26178 -1.0 -0.49070313861963744
40588 81881 -1.0 -0.03639954197732975
53591 55649 -1.0 1.7987874858953306
983 74774 -1.0 0.06509552176867195
1602 44665 -1.0 -0.057964004186153106
24620 70297 -1.0 -1.0230878135019634
3253 26502 -1.0 1.1055325451171307
23313 37020 -1.0 0.09245269882145091
39009 39172 -1.0 -0.3487303255797909
33807 47210 -1.0 -0.7621243671236178
44775 49740 -1.0 -0.7605083133967128
16065 38769 -1.0 -1.417935053566827
15619 43906 -1.0 -1.38865565112035
16311 68521 -1.0 -1.0500540202391555
40403 40828 -1.0 0.16107115711830722
28882 36613 -1.0 0.571604885300012
5175 37238 -1.0 -0.5068442562458628
2143 77720 -1.0 -1.5850157401035747
20252 32213 -1.0 -1.0781718480548306
127 74375 -1.0 0.7823424314500476
5689 5691 -1.0 2.01117012620693
3776 74711 -1.0 0.1398973237676826
755 31761 -1.0 -0.6959293211953321
2370 29274 -1.0 -1.6120140810068597
36008 36576 -1.0 -0.2586753255000498
40998 77976 -1.0 0.8737826200697094
41039 77520 -1.0 0.9477877198624893
34078 34079 -1.0 1.7369669024297192
14614 38190 -1.0 -1.2795483419752598
17835 39637 -1.0 -1.0717804643053852
18236 17839 -1.0 1.0682898992511654
19883 46492 -1.0 1.2629571020792345
39700 73571 -1.0 -0.431614492307566
25035 19973 -1.0 1.576981564091461
39700 72884 -1.0 -0.39908274587424675
73952 32391 -1.0 0.8805614752583835
35225 77676 -1.0 -1.5419947212106169
39232 62702 -1.0 -1.032080770992878
11384 11391 -1.0 2.708921795575937
2617 30095 -1.0 -0.6790790761019045
32137 46528 -1.0 -0.7375273214661351
21443 35380 -1.0 -0.43385839916032465
35478 58456 -1.0 -1.296125383112118
39878 82059 -1.0 -0.040533438129199295
35460 36582 -1.0 -0.6892360283748435
331 76840 -1.0 -0.36265757576632485
34921 36917 -1.0 -0.08252712157743969
36430 54186 -1.0 -1.49030973826093
17965 20151 -1.0 -1.0350867049018229
46528 81939 -1.0 0.08324718787583629
14990 63446 -1.0 -0.5437170318464792
4148 27112 -1.0 -0.11689754235238992
26596 39594 -1.0 -1.0149468880985735
49583 71267 -1.0 -1.5064057680562826
43829 55513 -1.0 -1.6312329174980835
40824 40959 -1.0 0.6171802660479371
4968 40751 -1.0 0.7428626182546636
32271 45133 -1.0 -1.0342175853006061
1629 34943 -1.0 -1.707418359856372
26447 45066 -1.0 -1.3850243455506281
26983 44951 -1.0 -0.9698418544545642
28468 73549 -1.0 -0.4306197545389825
639 15837 -1.0 -0.9784272733460813
36916 37020 -1.0 -0.5040543080196769
20097 73817 -1.0 -0.5333181715359627
22690 49748 -1.0 -1.07083765771721
34712 81255 -1.0 0.5405830825261952
21259 34041 -1.0 -1.0095813676638445
15276 15912 -1.0 -0.6961181629200608
16005 56253 -1.0 -1.2691346535113248
29279 24 -1.0 -0.7281924819428118
786 72086 -1.0 -0.6058718175809172
28291 38647 -1.0 -0.43691996635202646
14958 30924 -1.0 -0.5507514429802534
1344 6275 -1.0 1.5086498057374507
29084 35225 -1.0 -1.025110194328207
40154 46443 -1.0 -0.8981179198552738
5658 38868 -1.0 -0.91114142037459
64434 20755 -1.0 -1.7734184774251363
4100 46692 -1.0 -1.1375557912035057
1409 14701 -1.0 0.38475692877835854
14567 20757 -1.0 0.5939201374984808
3802 53915 -1.0 -0.4700142437992634
22839 46026 -1.0 -1.4466826698822608
4532 34386 -1.0 -1.1185654301739558
37 45133 -1.0 -0.7041802375923663
23348 28637 -1.0 -1.5669686768375661
26704 34097 -1.0 -1.095785712445371
21231 46142 -1.0 -1.092038068664983
49630 62394 -1.0 0.7313108881233228
55739 73975 -1.0 -1.1208268849587402
36326 34168 -1.0 -0.8068292066934619
2038 6933 -1.0 -0.3761593884259966
6495 32213 -1.0 -0.3419812304306573
31425 38323 -1.0 -0.3436698309880346
16085 26409 -1.0 -1.4654268827879746
261 26349 -1.0 -0.9074651185435969
1480 18050 -1.0 -1.755260732275488
22174 39799 -1.0 -1.2121855775695347
374 39854 -1.0 -0.3727761094056161
71801 77451 -1.0 -1.1864193731756756
127 17225 -1.0 0.9303932812561284
4066 39816 -1.0 -0.26276060949036006
31594 39035 -1.0 -0.8549335168099459
96 39270 -1.0 -0.067291662187271
35288 40222 -1.0 -1.384463130881267
16912 46092 -1.0 -1.5217658422775169
36738 36774 -1.0 -0.10337549818682867
23036 36151 -1.0 -1.2553689562059058
29301 39055 -1.0 -0.9083813255492088
18670 28907 -1.0 -0.44658981371314255
2592 71483 -1.0 1.0301651000131664
18225 41292 -1.0 -1.548946936718703
31355 39682 -1.0 -0.06688641102219606
32103 33814 -1.0 0.5906906488034054
26983 43958 -1.0 -1.095326688158584
29279 71135 -1.0 -0.9210963113946491
71853 73658 -1.0 -1.2515109018454234
4316 32070 -1.0 -1.0343417043989382
20710 37385 -1.0 -0.3102569111366895
44288 53676 -1.0 -0.34356222326651276
28165 28171 -1.0 0.987935432170909
24820 81957 -1.0 -0.48986351696674824
6126 77669 -1.0 0.27300977278559446
45146 73918 -1.0 -0.5267769218831315
14415 71842 -1.0 -1.366908459202559
6057 14565 -1.0 -1.5608427478098514
17850 41197 -1.0 -1.534533596911627
25976 19095 -1.0 1.3557899189433797
6397 26178 -1.0 -1.1385535648555352
32329 54715 -1.0 -1.1760846384280095
32451 32831 -1.0 0.6912647322913548
