3 17226 1.0 0.7214856553524326
3 36584 -1.0 0.26137674666469546
5 49916 1.0 0.6799781210088169
5 74099 1.0 0.5733626230226134
16 39891 1.0 0.8857084851803022
33 32323 1.0 0.8364785042524228
36 21371 1.0 0.7334387804436153
37 26328 1.0 0.8156936258436699
37 45133 -1.0 0.3009170936867979
44 38247 -1.0 0.246137838838369
52 26031 1.0 0.8226915351659747
52 31421 1.0 0.5531568242686101
52 32349 1.0 0.7857500633821136
52 32985 1.0 0.4691150849972137
53 6107 1.0 0.5077913750257932
53 6108 1.0 0.8590203463343634
53 14462 -1.0 0.2564638670005952
66 559 1.0 0.770500287201671
66 4148 1.0 0.6117387528388574
76 39637 1.0 0.7223616674799334
76 54259 -1.0 0.3313750697943783
85 32841 -1.0 0.3943268007336665
93 445 -1.0 0.3755593199990091
93 39854 1.0 0.8140265744314872
96 32116 1.0 0.7451565707401537
96 39270 -1.0 0.4748647492552045
109 39012 -1.0 0.3423296679712222
111 395 1.0 0.8584312611541719
111 72481 1.0 0.3899900300317568
114 205 1.0 0.647164451998396
114 35312 1.0 0.5218954441299234
121 39026 -1.0 0.3053513704911467
121 40117 1.0 0.7701703914701392
127 17225 -1.0 0.7431106708609135
127 26699 1.0 0.7146529391288344
127 71731 -1.0 0.14612199359900876
127 74375 -1.0 0.7088164628071134
132 39976 1.0 0.5229141013757314
134 1673 1.0 0.8356190542104268
134 6372 -1.0 0.7307114968299325
169 40074 1.0 0.7267481114074661
169 75148 -1.0 0.6847889064308171
174 34707 1.0 0.2545868356221916
197 34709 1.0 0.44436558068253734
199 4850 1.0 0.811527399322771
199 4888 1.0 0.4901187367427604
199 32113 -1.0 0.627683222195234
199 38370 1.0 0.4045708666150511
205 21443 -1.0 0.22709184777929087
205 35312 1.0 0.1958131209020774
223 39840 -1.0 0.580625781214081
223 75405 -1.0 0.1989019131980157
228 1978 -1.0 0.5567551382751046
228 2916 -1.0 0.3656882814718986
261 26349 -1.0 0.2535310166229266
261 26419 1.0 0.6779808685955705
261 75532 -1.0 0.5791419865872854
294 70885 -1.0 0.8675856772917245
315 71698 -1.0 0.5515679489920887
319 36870 1.0 0.24103075498477625
319 46975 -1.0 0.18519814509457694
329 786 1.0 0.6639074088969137
329 4037 1.0 0.8339053826358812
329 72086 -1.0 0.39692778198507495
331 76840 -1.0 0.39057835166519067
345 15837 -1.0 0.18404886595973868
345 17065 -1.0 0.15853668886897748
353 642 1.0 0.6395139449268578
353 36083 -1.0 0.5353596873033001
374 1372 1.0 0.6204722670893953
374 39854 -1.0 0.38777485766294834
383 36698 -1.0 0.5673688750754614
395 72481 1.0 0.5387744280172743
413 32697 -1.0 0.6611481880027354
415 1750 -1.0 0.22590129912038828
433 2951 -1.0 0.39363059226648345
433 27112 -1.0 0.2781246257650314
433 36522 -1.0 0.25878253478002344
436 40512 1.0 0.6002593260696983
456 22967 -1.0 0.11415820443558454
501 49719 -1.0 0.2467370121797352
519 36009 -1.0 0.3287942297450198
522 15768 -1.0 0.26406293983752027
522 40016 1.0 0.4750721157986302
548 39111 -1.0 0.6280563941589495
550 39758 1.0 0.8169148488498035
550 77367 1.0 0.6034556898244028
553 24952 -1.0 0.12760828148467243
554 39757 1.0 0.3555315792470513
580 4998 -1.0 0.3135210949614841
580 26983 -1.0 0.12941583855712147
603 17674 -1.0 0.10515707403376946
603 39954 1.0 0.8547236131055475
605 31745 -1.0 0.12402480689234328
605 40213 1.0 0.4143100360652366
639 15837 -1.0 0.2381995330092168
649 32011 1.0 0.16649751163345128
665 40369 1.0 0.6598654874583034
665 72769 -1.0 0.25602083157037064
676 46565 1.0 0.15679319214479986
683 5170 1.0 0.48827735200497396
720 863 -1.0 0.4452590804726449
720 35433 -1.0 0.4131916944416362
723 5029 -1.0 0.41187758273112063
736 62214 1.0 0.774917749092394
741 62213 1.0 0.6544687837475327
742 3296 -1.0 0.48136286988052635
746 31931 -1.0 0.6563931106850925
746 39447 1.0 0.37834733808774973
755 31761 -1.0 0.30294397229974485
758 25951 -1.0 0.14883113125098305
758 32029 -1.0 0.7420010372308011
765 34712 -1.0 0.4982914799523542
770 772 -1.0 0.7849084763650002
770 3822 -1.0 0.5860459898522163
772 3810 -1.0 0.4217640631597846
773 5759 1.0 0.7469901997362471
786 4037 1.0 0.5130258818619791
786 72086 -1.0 0.32555608767878413
788 952 1.0 0.2118912838026224
788 5740 1.0 0.2621067462306525
788 38868 -1.0 0.1666144641067474
788 62190 1.0 0.11547170987582801
789 952 1.0 0.21137754120900215
789 6028 1.0 0.3741256937237356
789 62190 1.0 0.1504685942165777
808 40512 -1.0 0.3997874315540691
813 18427 -1.0 0.1353040861754518
813 40419 1.0 0.26726472703656234
822 27590 1.0 0.6893557675370531
830 1467 -1.0 0.2351944727340683
863 27241 -1.0 0.5327176308221573
863 35433 1.0 0.5335070150071942
864 26138 1.0 0.20962023092926307
864 33789 -1.0 0.7157753283466166
864 74744 1.0 0.445446744814837
872 882 1.0 0.9524352068871874
928 1793 1.0 0.9183124903376048
939 71940 1.0 0.3196005504835249
950 40523 1.0 0.6575857123464421
952 6028 1.0 0.869413920942849
957 6536 -1.0 0.5998425658463356
957 72240 -1.0 0.259207868835891
972 39804 -1.0 0.41330366474166796
972 40055 -1.0 0.7765690040626237
976 1602 1.0 0.9128031661462074
978 3240 1.0 0.8250230700124564
983 74774 -1.0 0.5134154231940274
1000 39249 -1.0 0.748021607094674
1007 1602 -1.0 0.7076771336528648
1021 40032 -1.0 0.3323837967767638
1038 23351 -1.0 0.10375870557980006
1038 35659 1.0 0.2644605871437586
1038 39932 -1.0 0.6437961817643623
1049 72206 -1.0 0.6394685895846475
1054 39826 1.0 0.7405096805275864
1056 39937 1.0 0.8040064126220285
1093 2021 -1.0 0.23681690045198997
1107 77720 -1.0 0.15647433277318257
1130 39943 1.0 0.5801016261612865
1158 1184 1.0 0.6441687419736284
1158 39697 1.0 0.8250472636720808
1158 39883 1.0 0.8639963679046785
1179 31209 1.0 0.25532979113418
1179 31409 -1.0 0.26333910812216316
1179 39286 -1.0 0.39050298616171114
1184 81249 1.0 0.5011746397169451
1256 31852 1.0 0.6175848572809776
1268 4169 1.0 0.803360854481161
1287 4160 1.0 0.7176420086812635
1324 4310 1.0 0.7672049322188585
1344 6275 -1.0 0.8502000962896872
1372 1374 -1.0 0.44022497357619517
1372 40397 1.0 0.8733086145877939
1391 1392 1.0 0.9728901493044326
1391 1693 1.0 0.9733074806051132
1391 21952 -1.0 0.18989905168306181
1391 39801 1.0 0.92344154893108
1391 62271 1.0 0.2294912399069159
1392 39801 1.0 0.8460745093701486
1392 62271 1.0 0.14712765696762914
1400 27118 -1.0 0.21744324878126403
1404 39807 1.0 0.4937600867642356
1409 14701 -1.0 0.6049772557953816
1419 73070 1.0 0.6748761271582023
1426 28001 -1.0 0.6142885714283416
1444 6429 -1.0 0.3544374916939184
1444 40222 -1.0 0.23678641162861463
1480 18050 -1.0 0.11224679825685283
1501 33805 -1.0 0.48482082383014885
1501 74189 -1.0 0.4164869618216743
1528 36009 -1.0 0.27637713273657916
1561 34858 -1.0 0.2422149612071144
1562 1604 -1.0 0.28980185644876816
1562 17197 -1.0 0.11444133618366785
1562 18894 -1.0 0.20214310778525338
1567 4148 1.0 0.18689700731260336
1583 2130 1.0 0.4800030233826885
1602 44665 -1.0 0.4775764966965227
1613 3025 -1.0 0.20938937006574154
1629 34943 -1.0 0.11792457357547473
1651 1863 -1.0 0.4705495186696354
1651 40120 1.0 0.92038538937103
1655 58004 -1.0 0.31219942800627765
1656 49333 -1.0 0.5272030619162196
1673 40538 -1.0 0.8217689633581173
1679 72436 1.0 0.37801849600351756
1685 62526 1.0 0.7440551991296579
1692 40528 1.0 0.6768934055433051
1693 62271 1.0 0.2279803229331493
1699 40126 1.0 0.8413561775873271
1699 77287 1.0 0.5812766392578633
1704 6065 1.0 0.8037332787937475
1737 1761 1.0 0.9765970035921828
1737 40467 -1.0 0.2366308992698293
1739 28632 -1.0 0.30309899270035734
1750 1737 1.0 0.9726537924233625
1750 1761 1.0 0.9625067016807909
1750 40419 -1.0 0.2885647634491511
1761 29301 -1.0 0.23740501815945195
1767 40707 -1.0 0.48007119037462537
1776 2861 -1.0 0.5304784109998754
1782 2560 -1.0 0.5859872829855464
1782 40021 1.0 0.682402854207554
1782 58141 -1.0 0.2892714367559008
1794 1978 -1.0 0.5688180024386238
1794 18227 -1.0 0.13161299775511798
1811 40809 1.0 0.5540114703036718
1811 77504 1.0 0.7691758155700915
1818 71078 -1.0 0.6285885336460433
1833 2946 -1.0 0.5925947708689473
1833 6321 -1.0 0.502636985492675
1833 77419 -1.0 0.14071021605468878
1835 2503 -1.0 0.8144372667154348
1836 24240 -1.0 0.7197944943565232
1854 5075 -1.0 0.252021611230766
1860 28552 1.0 0.8234252852539564
1860 73792 1.0 0.816536925452445
1861 14476 1.0 0.6880358638984343
1863 28559 1.0 0.5564312751147713
1863 28560 1.0 0.8209527189979935
1863 39881 1.0 0.31487647893110576
1906 4219 1.0 0.2216398373057657
1926 16085 -1.0 0.12590471939550238
1937 41095 -1.0 0.15429319294533353
1941 40137 1.0 0.8250654545133379
1958 22869 1.0 0.46856551556307596
1968 2038 1.0 0.8238716606116984
1968 44539 -1.0 0.4609136691099443
1968 44978 -1.0 0.45906023506931837
2038 6933 -1.0 0.38683911372925783
2038 44978 -1.0 0.18789393285284364
2056 2193 1.0 0.8200934093634923
2067 26417 1.0 0.47389429268267796
2084 43990 -1.0 0.20931625409929464
2091 31579 1.0 0.3327127255150511
2091 72481 1.0 0.44427727675374096
2092 4960 1.0 0.9547794738206096
2120 28750 -1.0 0.4189088770330575
2120 28957 1.0 0.23347916151167017
2125 5475 1.0 0.7072447789374918
2125 38461 1.0 0.18366817768882288
2125 46443 1.0 0.22511832411010996
2125 50765 1.0 0.19447578981514388
2126 31428 -1.0 0.7450806207945542
2143 58029 -1.0 0.22896173337767517
2143 77720 -1.0 0.13359157722050546
2146 6060 1.0 0.5329426636880523
2158 17845 -1.0 0.4368246602593923
2158 28983 1.0 0.7602528670598283
2158 31265 -1.0 0.3311786463762171
2158 77486 1.0 0.670530369480652
2166 16217 -1.0 0.19596254349794415
2203 27200 -1.0 0.6874394067319892
2209 45847 -1.0 0.1814367783447104
2216 1655 1.0 0.8212402640673585
2232 4648 -1.0 0.4431852930786279
2232 40578 -1.0 0.20909054137173083
2255 20252 -1.0 0.1809152667563042
2343 49649 1.0 0.38715013727631054
2343 49740 1.0 0.622308887274565
2343 70920 -1.0 0.39042676353681943
2370 29274 -1.0 0.1299912182896337
2370 50080 -1.0 0.16228795220638634
2395 24 1.0 0.672821141042734
2395 50824 -1.0 0.22262765106110147
2503 18225 -1.0 0.09804365844890638
2503 36008 1.0 0.0876878546471319
2503 71158 -1.0 0.2625506319115762
2503 76647 -1.0 0.23444853750791644
2511 36649 1.0 0.7650304677711898
2543 18754 -1.0 0.5516140671059789
2560 58141 -1.0 0.11030211886183357
2564 50141 -1.0 0.13705322866060168
2564 71626 -1.0 0.13153377484486173
2592 71483 -1.0 0.7646754801470309
2617 30095 -1.0 0.30710717276773414
2617 81881 1.0 0.3082822035481165
2669 37381 1.0 0.45009449000024027
2680 18597 -1.0 0.20483130544212727
2682 37444 1.0 0.6911543842514781
2682 39007 1.0 0.7855079124056157
2682 39286 1.0 0.37876921959053783
2687 73807 -1.0 0.41069263108332693
2707 37381 -1.0 0.26433073958597636
2821 40154 1.0 0.8118969487861556
2837 36015 1.0 0.4737268767403067
2838 35291 1.0 0.2265986132243277
2838 39467 -1.0 0.15673404070557878
2857 74978 1.0 0.6510156968104
2861 77287 -1.0 0.3046679756112834
2883 23397 -1.0 0.22296350254703207
2905 21657 -1.0 0.10164373056916028
2906 40523 1.0 0.15650478255886616
2919 70985 -1.0 0.1295293288808623
2922 2951 1.0 0.7373264650681958
2922 27112 -1.0 0.14646532643551255
2946 36576 -1.0 0.2934892181366933
2951 27112 -1.0 0.1697517899498511
2956 15959 -1.0 0.09426207507534588
2956 42233 -1.0 0.09046118946534892
2969 32611 1.0 0.7653802127234125
2971 34707 1.0 0.49715631494323526
3015 55885 -1.0 0.1737504728458701
3016 77854 1.0 0.3816281610294818
3020 14569 1.0 0.8790778539048295
3022 53759 1.0 0.707580259739751
3025 2406 1.0 0.8414186658013302
3025 26349 -1.0 0.16761996420842556
3025 28848 -1.0 0.840894165293195
3025 73817 -1.0 0.19608313080798587
3184 34079 1.0 0.1515539276899275
3184 46699 -1.0 0.3174074297294201
3184 56357 -1.0 0.12913950195425253
3243 4148 -1.0 0.7594161697604644
3244 4107 1.0 0.806053015621269
3253 26502 -1.0 0.7801136137709872
3296 28746 -1.0 0.5672535324298787
3296 28957 1.0 0.2587883730788773
3321 32065 1.0 0.7616168426373735
3323 3365 1.0 0.869929305364987
3518 21294 -1.0 0.2701607185720079
3518 62246 -1.0 0.10790767786581873
3537 44987 -1.0 0.15570284572226098
3537 46543 -1.0 0.11302710238674803
3640 6124 -1.0 0.905712331917211
3776 2406 1.0 0.5517396922181561
3776 74711 -1.0 0.5351563533206223
3779 28746 1.0 0.6160282255967202
3792 22839 -1.0 0.09588301631582592
3792 46290 -1.0 0.15739317768378727
3792 53915 1.0 0.8385807287836543
3802 53915 -1.0 0.36123485500407887
3808 53916 1.0 0.8345134799034117
3820 3296 -1.0 0.275452429243121
3827 5024 1.0 0.8408393123268083
3827 45951 -1.0 0.4520254725172087
3857 26909 -1.0 0.4030169218040119
3962 74192 -1.0 0.18499017796666592
4000 6267 -1.0 0.5516584672828294
4066 39816 -1.0 0.4186179278267869
4093 32067 1.0 0.7075119867127434
4096 77700 1.0 0.5519033067614058
4099 2395 -1.0 0.32646136016468674
4099 5646 1.0 0.7582821249006265
4099 71135 1.0 0.6707134171492646
4100 46692 -1.0 0.20619033309031537
4100 54857 -1.0 0.20738614215616824
4100 78101 -1.0 0.298442425477219
4107 4957 -1.0 0.8521399927003916
4145 38999 -1.0 0.24558816311212917
4148 27112 -1.0 0.46047199484523604
4148 38379 -1.0 0.24526736429096427
4148 44537 1.0 0.7398527975912872
4161 6380 -1.0 0.5260600487325932
4170 47058 1.0 0.3352496586053146
4170 77985 1.0 0.7400222004246102
4275 71486 -1.0 0.17875633395105084
4310 35700 -1.0 0.28599129601793016
4310 53959 -1.0 0.6612354872561881
4316 27348 1.0 0.49846034705857706
4316 32070 -1.0 0.22657624813866178
4316 74188 -1.0 0.6529068199502712
4342 603 -1.0 0.18352493293839353
4342 39954 -1.0 0.24231323445338818
4347 16368 -1.0 0.16197867563138674
4351 62699 -1.0 0.1921027167654347
4354 76649 -1.0 0.39628469701262015
4358 16368 -1.0 0.16038829779624192
4396 55459 -1.0 0.16218697731457485
4416 39878 1.0 0.17068133570933594
4432 6522 -1.0 0.21579320029892438
4512 14398 1.0 0.46296456176705125
4512 31579 -1.0 0.256977382448976
4518 45020 -1.0 0.1249024205657877
4532 31932 -1.0 0.5240065112456278
4532 34386 -1.0 0.20983665200710194
4576 46665 1.0 0.34036525961949476
4581 41278 1.0 0.5422364303447743
4582 77909 -1.0 0.5578364664597861
4584 4601 1.0 0.9628822676336505
4641 39419 1.0 0.778621323989963
4646 27341 -1.0 0.6986443361491524
4652 36870 -1.0 0.2439473119347057
4683 14814 1.0 0.44481174628427317
4683 20246 1.0 0.3626589049025022
4683 31908 1.0 0.5253630474588888
4750 39266 1.0 0.3080390468257241
4784 28337 1.0 0.5775058152229393
4784 33868 -1.0 0.3018135557738186
4789 71938 1.0 0.8577573513232037
4802 4898 -1.0 0.6373651728923976
4832 32974 -1.0 0.24757130138299022
4840 4886 1.0 0.8433264767477451
4850 38370 1.0 0.42026785224776125
4888 38370 1.0 0.8189217755895931
4917 31926 1.0 0.4335258228177121
4968 40751 -1.0 0.699228803476547
4968 74994 -1.0 0.872310479876164
4969 74995 -1.0 0.3866806026852045
4977 46142 -1.0 0.22629727970780822
4998 28973 -1.0 0.40286758207639417
5024 45946 -1.0 0.41908665130574785
5029 6266 -1.0 0.8612664804630442
5037 39782 1.0 0.600846334549686
5175 37238 -1.0 0.35139002385080287
5227 6958 1.0 0.7936697103236774
5299 710 1.0 0.6832153375401675
5390 71044 1.0 0.5729969332812443
5435 77379 1.0 0.610902857134679
5442 16784 1.0 0.5200697101471298
5460 23730 -1.0 0.31974023042331084
5460 40083 1.0 0.2935912762289964
5474 6362 1.0 0.9301255631302787
5475 38461 1.0 0.19178184780087196
5475 46443 1.0 0.3806972755996719
5475 50765 1.0 0.22642707948539417
5478 16065 -1.0 0.15060950848272417
5482 21231 -1.0 0.17259690355694765
5499 5711 1.0 0.5054759358597534
5499 70985 -1.0 0.23902362873690391
5505 39149 1.0 0.6080597526961938
5508 36613 1.0 0.8654925851429589
5508 39154 1.0 0.4917489277464745
5517 75148 1.0 0.7573283064619477
5616 5620 1.0 0.7206015506688467
5616 81030 -1.0 0.13907279978226278
5619 71015 1.0 0.48231381262910655
5619 71135 1.0 0.757751859379385
5620 81045 -1.0 0.1363992686734437
5634 6233 -1.0 0.5028905750035912
5634 39779 -1.0 0.2034219832526134
5658 6028 -1.0 0.6520626403977705
5658 17150 -1.0 0.13396349179540215
5658 38868 -1.0 0.25272095871845524
5674 77845 1.0 0.44163109722965893
5675 44344 1.0 0.7450469423228712
5689 5691 -1.0 0.9106722312393122
5692 33610 -1.0 0.7833017210342
5727 19182 1.0 0.3883793978650104
5727 34139 -1.0 0.4419352539556281
5740 6028 1.0 0.9046632474995076
5740 62190 1.0 0.3068490997545604
5744 36808 1.0 0.6348557478238501
5744 73917 -1.0 0.24042336477470214
5757 365 1.0 0.9647485450207545
5760 17227 -1.0 0.2923380664543032
5760 18264 -1.0 0.3328906262518239
5767 368 1.0 0.9809097573761179
5786 45978 1.0 0.7107728095542342
5786 45980 1.0 0.5765120893286532
5824 33601 -1.0 0.525422905115117
5834 6014 -1.0 0.5928219250476522
5834 35663 -1.0 0.6481435470091638
5836 71486 -1.0 0.4025504032377763
5839 74833 1.0 0.5202199040635925
5863 27513 1.0 0.3993414871831169
5863 41097 1.0 0.6345173054545626
5893 56564 -1.0 0.14586448093307994
5898 39035 1.0 0.5451889976511655
5898 45453 -1.0 0.20779923615996718
5898 75140 -1.0 0.39656321756240315
5995 70996 -1.0 0.7570079362101906
5996 28827 1.0 0.5905501184969493
6010 16284 1.0 0.16178764289789285
6025 26178 -1.0 0.35568965112089146
6028 62190 1.0 0.37206797570796796
6040 2357 -1.0 0.8896425348605052
6040 74253 1.0 0.8075713704570788
6049 39366 1.0 0.8139268925679414
6053 39099 1.0 0.8457275976852745
6057 14565 -1.0 0.13688639101595687
6057 39738 -1.0 0.4301538550557437
6057 39953 1.0 0.333856925154886
6060 40959 -1.0 0.5132136012706663
6063 24850 -1.0 0.1507906189503818
6079 39539 -1.0 0.5951793790376236
6079 74977 1.0 0.5357494621294585
6126 77669 -1.0 0.5734652648218557
6228 30857 -1.0 0.16145880451008696
6229 28778 1.0 0.8401439077034428
6251 31542 1.0 0.8770907809661547
6252 15150 -1.0 0.15212804478233177
6266 71601 1.0 0.819859004312548
6266 71602 1.0 0.656684237953929
6267 71605 1.0 0.5505360014366606
6279 39349 1.0 0.43063914272048265
6284 39724 -1.0 0.5910779836303662
6293 27428 1.0 0.8756500197433731
6321 36576 -1.0 0.42745333412769093
6321 77419 -1.0 0.1372864105085306
6341 33857 -1.0 0.8976019156369324
6358 28443 1.0 0.547567285155568
6358 40370 1.0 0.40987483495977756
6362 45866 1.0 0.7984219081221431
6391 40132 1.0 0.7446768014205013
6397 26178 -1.0 0.20600005472592028
6408 36663 1.0 0.5951728181290384
6492 46819 -1.0 0.17836761118952846
6493 31126 1.0 0.7188391003526812
6493 44409 -1.0 0.6727552568395204
6495 32213 -1.0 0.3963293941151659
6537 81254 1.0 0.6086264710666135
6548 38903 1.0 0.6942168447646371
6554 32055 -1.0 0.5592467127571006
6752 79020 -1.0 0.2670830096673133
7140 6933 1.0 0.9393487993279573
7537 31709 1.0 0.5897649068815624
9788 43902 -1.0 0.12642149145765452
9788 44494 1.0 0.38390164152329753
9788 71476 -1.0 0.10930778855627583
9888 34670 -1.0 0.19382222375364344
9900 15013 1.0 0.6385278204718597
9900 50032 1.0 0.6965213802029555
10298 43820 -1.0 0.16600938904916068
11169 11176 1.0 0.6668028099653143
11169 71484 -1.0 0.25119246197408085
11355 30853 1.0 0.9168704446659429
11384 11391 -1.0 0.9583182582087473
11391 21258 -1.0 0.19900803236947293
12327 30853 1.0 0.3955822270040679
13043 30857 1.0 0.6369963075857937
13235 56256 1.0 0.5611863439640484
13236 31419 1.0 0.1970917653883253
14415 71842 -1.0 0.16584577756771832
14485 34858 -1.0 0.38506990776423583
14565 39738 -1.0 0.3131696186315594
14567 20757 -1.0 0.6615103684686288
14567 39055 -1.0 0.22118251790205623
14568 25999 1.0 0.49645744373339784
14568 46439 -1.0 0.46200691400295135
14568 47133 1.0 0.5615318989256979
14568 47719 1.0 0.6129852129134864
14589 29226 -1.0 0.37672188762609626
14607 30017 -1.0 0.3798322536531797
14614 38190 -1.0 0.18041480039951802
14625 29102 1.0 0.7460937886104068
14637 34937 1.0 0.939951845733256
14662 23773 1.0 0.8994723617201953
14699 15099 1.0 0.4702706034890956
14699 20734 1.0 0.3908510572461206
14784 14376 1.0 0.8727928498398289
14814 31908 1.0 0.3172156722651742
14913 14894 1.0 0.8476405345720754
14915 24 1.0 0.8156604118340205
14915 2395 1.0 0.7582901158710924
14915 29099 1.0 0.8765315242967894
14915 77644 -1.0 0.4288588116823157
14944 18534 -1.0 0.3703406333630514
14944 21643 1.0 0.9006164062096168
14947 24940 1.0 0.3171036866176573
14958 30924 -1.0 0.3398170395108822
14959 40117 -1.0 0.3165100996266773
14964 23366 -1.0 0.45685980167237644
14964 72180 -1.0 0.2616263813352076
14972 47133 -1.0 0.6915487146072605
14974 47232 -1.0 0.2114036160275784
14986 49793 1.0 0.56470343361631
14990 17667 -1.0 0.6061552982367777
14990 63446 -1.0 0.3416587722896577
15006 71486 1.0 0.4484087603052425
15006 77980 1.0 0.46759169878792034
15013 50032 1.0 0.49629100914894325
15013 70433 1.0 0.2812677627268901
15099 20734 1.0 0.8366768675590542
15099 54446 -1.0 0.41511551892231324
15128 17726 1.0 0.8618284451279548
15128 32629 -1.0 0.3422144951498509
15196 22174 -1.0 0.20529220713012067
15233 20507 -1.0 0.4078211214979095
15276 15912 -1.0 0.30289749614047573
15304 24548 -1.0 0.3910382714144146
15304 35605 -1.0 0.1118760221152602
15310 36924 -1.0 0.13447599610663524
15344 16432 -1.0 0.4452491844961005
15410 77315 -1.0 0.5039533485575747
15426 15651 1.0 0.8324033953783541
15429 16888 1.0 0.7051086393868781
15429 69808 -1.0 0.13433046235127982
15447 16046 -1.0 0.1644918282507711
15454 71615 -1.0 0.2830364239669395
15459 15833 1.0 0.7521961939507561
15545 15901 1.0 0.9695829033521093
15619 43906 -1.0 0.1623689021481006
15619 47232 -1.0 0.21584286396857771
15680 17129 1.0 0.6328684830492107
15688 25157 1.0 0.8914077793757562
15688 82113 -1.0 0.1734195814123687
15717 29099 1.0 0.8933644723916656
15717 41829 1.0 0.6800446230338685
15717 71143 1.0 0.48371579348143645
15764 14596 1.0 0.7531235352147077
15764 45557 -1.0 0.3181167849660902
15813 62669 -1.0 0.27968455382449753
15837 38769 -1.0 0.3930365742559578
15874 35945 -1.0 0.21987302634314615
15917 46528 1.0 0.8607971384088535
15932 35572 -1.0 0.14020997914272265
15935 36916 1.0 0.6663661810886987
15948 53259 -1.0 0.17262943438816628
15998 46695 1.0 0.8144695666923137
16005 56253 -1.0 0.18221646722222232
16005 81835 -1.0 0.11469381007668732
16062 47044 -1.0 0.6308993606101
16065 15837 -1.0 0.3428928971922054
16065 31284 -1.0 0.1595513041187722
16065 37214 -1.0 0.13991353048581381
16065 38769 -1.0 0.15778091713580195
16085 26409 -1.0 0.15056384666586875
16115 72825 1.0 0.6494290283436805
16149 39505 1.0 0.562997081558521
16163 40512 -1.0 0.19594317872355654
16163 63446 1.0 0.7083362998285171
16213 24149 -1.0 0.3121408306405279
16224 16786 1.0 0.9180931455903715
16227 16967 1.0 0.7259159998447231
16269 32589 -1.0 0.25730699936573753
16288 46994 1.0 0.5689079543246286
16310 16311 1.0 0.916529967054004
16311 68521 -1.0 0.22338315246260176
16311 73846 -1.0 0.17815545283316975
16323 40238 -1.0 0.12061078378900711
16335 22768 1.0 0.9444049473636401
16428 16433 -1.0 0.26243052672237405
16439 19280 1.0 0.7534491496774173
16449 34138 -1.0 0.1838810722168527
16455 74596 1.0 0.554282635058229
16568 17127 1.0 0.9384123924201134
16578 81093 -1.0 0.2224190020637344
16584 41281 -1.0 0.26185716866198283
16617 30388 1.0 0.2323021158458072
16630 31727 1.0 0.7222499032503497
16688 26349 -1.0 0.5373771554176419
16688 39594 -1.0 0.11715735226609564
16708 16886 1.0 0.9493779575847475
16756 37381 -1.0 0.1818336152857188
16756 37421 -1.0 0.2335622320572352
16762 77664 -1.0 0.3155655138890963
16787 16788 -1.0 0.18483012211376154
16885 16886 1.0 0.9451645312152145
16903 54495 -1.0 0.2406498828733668
16912 46092 -1.0 0.14235699923993156
16917 18687 -1.0 0.9068752265544318
16925 75093 -1.0 0.14213877393620572
16943 25351 -1.0 0.42066471386573834
16951 36191 -1.0 0.1652123863024961
16951 77489 -1.0 0.14583672404617165
16976 62682 -1.0 0.11388666134784349
16995 17511 -1.0 0.2206390788971585
16995 21497 1.0 0.8734201925951347
17005 25898 1.0 0.5609791528240878
17106 27112 -1.0 0.17259622340231442
17127 17128 -1.0 0.4609677742357476
17152 26085 -1.0 0.3117531552448106
17171 21028 -1.0 0.507305247464005
17209 45557 1.0 0.4040933184329011
17215 20518 1.0 0.4384622698406094
17227 18264 1.0 0.3675114369970906
17240 38189 1.0 0.8503791970979225
17288 45012 -1.0 0.1082628193785894
17289 82064 -1.0 0.1261644779466287
17433 22940 -1.0 0.36843108551874754
17436 74448 1.0 0.3552725746118963
17440 17850 1.0 0.6341103610254861
17449 21103 -1.0 0.587934918987372
17450 45124 -1.0 0.18725720920643552
17480 39528 1.0 0.7536374868315364
17518 36189 -1.0 0.12612337953543737
17518 54316 -1.0 0.15357844139795546
17788 22074 1.0 0.9164837241395994
17835 39637 -1.0 0.21902088340704706
17837 39637 -1.0 0.1476296883759659
17850 41197 -1.0 0.14054979268023943
17865 39759 1.0 0.595838632294568
17865 72060 1.0 0.6116000826354827
17865 78767 1.0 0.2674017871279207
17893 37253 -1.0 0.14310054165503067
17916 46587 1.0 0.6682785055303815
17941 32992 -1.0 0.27522420082446714
17965 20151 -1.0 0.22642412109152626
17989 46105 1.0 0.4667530859180851
17989 50767 1.0 0.5233499032628959
18085 18086 -1.0 0.2396242069187936
18087 22290 1.0 0.9504772503405757
18105 46587 -1.0 0.48245384159186844
18224 36932 1.0 0.444903566283962
18225 18227 -1.0 0.6971940178821837
18225 41292 -1.0 0.1385327646293861
18227 35023 -1.0 0.13040267764384925
18236 17839 -1.0 0.7725772519777967
18398 32571 1.0 0.7444065904860631
18399 31998 -1.0 0.1769643122970059
18399 32905 -1.0 0.1871089875480291
18399 38431 1.0 0.28517378209430916
18399 39291 -1.0 0.225747979310124
18426 18427 1.0 0.8197041020424318
18534 41197 1.0 0.47028335317824743
18597 37381 1.0 0.17940541548085398
18597 39264 1.0 0.1643551199073067
18632 21258 1.0 0.8768445176452376
18636 35209 1.0 0.7349821224169202
18670 28907 -1.0 0.3675581345693011
18894 62246 -1.0 0.25729348732105023
19105 39718 -1.0 0.13753100827492956
19105 46181 -1.0 0.13892772929960506
19173 39721 -1.0 0.27330789165885605
19265 31428 1.0 0.5270819309757715
19341 31396 1.0 0.3453712873494962
19473 31421 1.0 0.25462767612524934
19473 32349 1.0 0.40878089251021166
19473 32985 1.0 0.4761320956585951
19473 39691 1.0 0.41984131277513326
19473 74804 1.0 0.4248977202710338
19486 32117 -1.0 0.11902160384956638
19545 74786 -1.0 0.27084292286994194
19602 18863 -1.0 0.2505139499725655
19614 14904 1.0 0.9718369091764354
19624 72282 -1.0 0.14114081303989717
19681 21573 -1.0 0.310270216481079
19681 26328 -1.0 0.27662424559768645
19681 77676 -1.0 0.30742846884763514
19699 72436 -1.0 0.43415084799191495
19699 81996 -1.0 0.6550850145160234
19808 43976 -1.0 0.14363484055300607
19859 49965 1.0 0.42343319824220066
19883 46492 -1.0 0.8099692884522004
20022 50743 1.0 0.6562647155367215
20097 73817 -1.0 0.3443901352525218
20121 22999 -1.0 0.5828768856948944
20180 32025 -1.0 0.133726383235089
20196 22859 1.0 0.7114914943237952
20246 31908 1.0 0.35067880721193606
20252 32213 -1.0 0.21774934092877665
20521 15757 1.0 0.544317049413073
20689 32025 -1.0 0.1436189583778159
20710 37385 -1.0 0.4052088843119302
20757 31709 1.0 0.5430336715766438
20798 22072 -1.0 0.2590754241409975
20910 35059 -1.0 0.17835393847606848
21081 45609 -1.0 0.13778961726046124
21159 43478 -1.0 0.1912790332329769
21186 25866 1.0 0.5818937466464486
21211 54316 -1.0 0.12825899056470252
21213 32213 -1.0 0.1815832467049213
21213 34181 -1.0 0.24253086124810797
21231 46142 -1.0 0.2150090540498842
21259 28661 -1.0 0.2827744299465961
21259 34041 -1.0 0.2316733067507439
21311 46821 -1.0 0.22995327854224185
21320 79020 -1.0 0.21148725061224177
21443 35380 -1.0 0.37101427022078604
21496 35879 1.0 0.9269083429295606
21496 44287 -1.0 0.5281183380773784
21573 26481 -1.0 0.1606262155974397
21573 32271 -1.0 0.13113283085334745
21573 32711 -1.0 0.14949325257411464
21640 53888 1.0 0.3337920101932208
21652 30953 -1.0 0.17140124776909846
21843 24149 1.0 0.3674397920390859
21843 39534 1.0 0.4011881315305358
22052 64431 -1.0 0.13347523905960956
22052 77468 -1.0 0.1001616742246129
22072 16726 1.0 0.8110349831801109
22073 30562 -1.0 0.5449135319851034
22117 53750 -1.0 0.3637982362346642
22174 39799 -1.0 0.19231665657040947
22187 19632 1.0 0.7556985148898555
22350 43826 1.0 0.2502981401356385
22350 45146 -1.0 0.1764022181317808
22353 73918 -1.0 0.1262338250131725
22674 34160 -1.0 0.493441361800041
22674 39799 1.0 0.7216077677338422
22690 49748 -1.0 0.21920890283737443
22713 32754 -1.0 0.11017994276624861
22713 53362 -1.0 0.15213608613387597
22839 41450 -1.0 0.141837752524261
22839 46026 -1.0 0.1533793140980676
23035 36151 -1.0 0.1957090846764911
23036 36151 -1.0 0.18461947900281608
23195 43890 -1.0 0.148163608766579
23313 37020 -1.0 0.521376964071302
23313 37362 1.0 0.8202743609572316
23338 28036 1.0 0.4377851830486766
23338 62437 1.0 0.738173579637635
23348 28637 -1.0 0.13604500561655644
23350 36698 -1.0 0.4993964020047101
23439 74596 1.0 0.4812333071575112
23577 43375 -1.0 0.11943672577181509
23714 37236 -1.0 0.13656422434296006
23714 50032 -1.0 0.19434942660545068
23714 74133 -1.0 0.19098454531380377
23729 32980 -1.0 0.13325686898707595
23827 36370 -1.0 0.11140003772146378
23873 42034 -1.0 0.15321955476712446
24176 37240 -1.0 0.1775369176890589
24514 39521 -1.0 0.16314793439854655
24581 63347 -1.0 0.19531106734132267
24590 36155 -1.0 0.26085687251901013
24590 37253 -1.0 0.12468187465196263
24620 20755 1.0 0.5127615796591538
24620 24621 1.0 0.26880272815673756
24620 70297 -1.0 0.22888304740029
24621 20755 1.0 0.10914353956389253
24621 43902 -1.0 0.12317377021140162
24621 70297 -1.0 0.26444444484296753
24721 27590 -1.0 0.16595778651452203
24760 43845 1.0 0.7792303116564575
24820 81957 -1.0 0.3559139527231398
24951 40220 -1.0 0.14413333163808847
25035 19973 -1.0 0.8600630317066641
25036 39015 -1.0 0.1232690215700319
25036 71651 -1.0 0.11386151185157528
25117 23242 1.0 0.9276328448572295
25320 25321 1.0 0.15137767540008337
25321 35977 1.0 0.17137336037491685
25327 74448 -1.0 0.35807405777916446
25558 37518 1.0 0.868554143130688
25732 16025 1.0 0.7191876842257866
25762 40220 1.0 0.1638988315156887
25894 25898 1.0 0.4127176700769289
25894 51078 -1.0 0.280684959862789
25894 82113 -1.0 0.16060222480962072
25898 51078 -1.0 0.4765624674520092
25976 19095 -1.0 0.8260675408247621
25999 47719 1.0 0.8866538411585704
26031 31421 1.0 0.7425101192924957
26031 74804 1.0 0.9087477028280675
26104 75131 1.0 0.7313996658601624
26138 74744 1.0 0.6287220217206902
26206 46791 -1.0 0.14272142389879705
26217 27504 1.0 0.8384131922437654
26230 74992 1.0 0.7662534251682737
26248 38911 -1.0 0.6129300365216714
26261 38891 -1.0 0.2387329171821407
26292 77854 -1.0 0.6712341336869969
26310 28021 1.0 0.887196715971955
26314 77909 1.0 0.8219453086554281
26318 26983 1.0 0.5632938362628858
26318 76763 -1.0 0.45003716654864423
26321 26350 1.0 0.22788002071951738
26321 36929 1.0 0.7397588850500713
26328 44513 -1.0 0.2754592293788072
26334 36754 1.0 0.46959631875642804
26349 34839 -1.0 0.2302952886071752
26349 39594 1.0 0.12424166243246261
26350 36151 1.0 0.2100897468159883
26350 36161 1.0 0.22054821858153628
26350 36924 1.0 0.16897032138084006
26350 36929 1.0 0.2845730287344794
26384 31154 1.0 0.6185007294868793
26385 32329 1.0 0.5550238393522371
26406 77602 1.0 0.7444036157000283
26409 49932 -1.0 0.3995554172055315
26410 74618 1.0 0.6401811237596099
26419 73817 -1.0 0.39082338499143615
26447 45066 -1.0 0.16294534989147472
26470 27034 1.0 0.9505102905066846
26481 32711 -1.0 0.8475353271519871
26500 31266 1.0 0.3979206917873019
26523 74942 1.0 0.7173228126205957
26529 74994 1.0 0.8221226002244211
26576 38586 1.0 0.6483759146771967
26579 77410 1.0 0.7766829605063201
26596 39594 -1.0 0.23056202207981583
26704 34097 -1.0 0.2142727455212107
26725 39162 1.0 0.5667411271447965
26743 36971 -1.0 0.3788003872301389
26764 74748 -1.0 0.7738272228876699
26983 43958 -1.0 0.21436283247618476
26983 44951 -1.0 0.24002007341531065
27115 40756 -1.0 0.9019767883885745
27253 39710 -1.0 0.17314992479377966
27414 31561 1.0 0.37426100416836333
27414 32777 1.0 0.6882108236599579
27414 74731 1.0 0.7417302918107297
27513 41097 1.0 0.6289095089277815
27530 28021 1.0 0.3451476239568105
27563 81264 1.0 0.8551945955833179
27563 81327 1.0 0.45599355267461344
27590 34670 -1.0 0.8238611148494348
27595 32711 -1.0 0.3963561145652427
27601 31335 -1.0 0.33546577133012745
27666 40755 1.0 0.8527386135560621
27710 81839 -1.0 0.5426042567272137
27780 28713 -1.0 0.20889882066160248
27874 31646 1.0 0.9037424002507344
27879 31667 1.0 0.8672175731980325
27879 40124 1.0 0.7817249837679485
27879 62587 1.0 0.628619582669029
28036 36788 -1.0 0.5737748699366666
28036 62437 1.0 0.7200719468577118
28067 62503 1.0 0.8554053301460558
28077 75007 1.0 0.45258634886348137
28136 28172 1.0 0.8412130587763526
28141 31123 1.0 0.34747619052358514
28141 74810 1.0 0.432385163688087
28165 28171 -1.0 0.7557034828755571
28166 31123 1.0 0.6122645254043908
28166 55907 -1.0 0.8387078646887081
28166 74810 1.0 0.89464741878687
28172 62245 1.0 0.6260689765979784
28181 35273 1.0 0.6584650494363098
28186 31592 -1.0 0.3571256144547208
28210 78001 1.0 0.5892964650067459
28290 82010 1.0 0.8435205037238177
28290 82022 1.0 0.7437741763611273
28291 38647 -1.0 0.3701819393455553
28291 40154 1.0 0.5838953341278161
28300 71728 -1.0 0.26180365161234176
28300 74375 1.0 0.9202776648957467
28337 46361 1.0 0.4662037490436397
28337 46746 1.0 0.5594056538965243
28337 46975 1.0 0.2760073320241194
28341 28559 -1.0 0.47926018485998645
28341 28560 -1.0 0.21857673601743086
28341 49719 1.0 0.8804872700727783
28412 32344 -1.0 0.23735474109673232
28414 74522 1.0 0.6893709820895212
28422 81835 1.0 0.19098247261720275
28455 32160 -1.0 0.5725519786377387
28464 28465 1.0 0.9848924846938537
28468 73549 -1.0 0.37189557636192383
28500 49996 -1.0 0.5995018044684098
28500 73917 1.0 0.674246390223613
28547 32383 1.0 0.5893485850978065
28552 40047 1.0 0.8922815796550609
28552 73792 1.0 0.8706168494439326
28559 28560 1.0 0.9797611613543208
28559 39881 1.0 0.5395916160920985
28560 39881 1.0 0.2722912089095515
28569 39816 1.0 0.6966786415940022
28578 71788 1.0 0.45437858153761945
28578 72772 1.0 0.3726434129561149
28632 31156 1.0 0.69291828996552
28642 46665 1.0 0.21813838574806868
28717 70873 1.0 0.4000277948500969
28746 28750 1.0 0.9337598737489383
28746 35809 -1.0 0.4580435277261799
28746 45214 -1.0 0.24090274409333498
28788 34177 -1.0 0.22898067709609468
28788 74553 -1.0 0.3660095285964368
28788 78550 -1.0 0.30256182023945355
28790 81249 -1.0 0.44097510754609287
28794 32031 -1.0 0.4159216643926052
28818 77741 1.0 0.477660334038842
28851 32664 -1.0 0.6287772850846565
28882 28909 1.0 0.9787567336659436
28882 36613 -1.0 0.6556623526472352
28909 36613 -1.0 0.6716612884556648
28983 77486 1.0 0.8933807133745305
28985 32108 -1.0 0.49397063573096595
28989 74850 1.0 0.6680768451900467
29021 40838 -1.0 0.5974342435404858
29028 31523 -1.0 0.3196199558220077
29084 35225 -1.0 0.2284672897272542
29099 24 1.0 0.7468767500357065
29134 30603 1.0 0.7804992164613653
29226 70203 1.0 0.47844687366375005
29279 24 -1.0 0.2950626157757541
29279 71135 -1.0 0.2505360536408783
29301 39055 -1.0 0.2533289738823859
29561 42140 -1.0 0.12396638381522486
30241 39896 -1.0 0.47730447436433654
30241 70969 -1.0 0.18596790743046102
30355 72863 -1.0 0.12526560545701484
30388 46290 -1.0 0.14793471524024948
30388 46470 1.0 0.43170384357694347
30674 9137 1.0 0.7015570039447122
31053 29398 -1.0 0.4625118640672701
31093 31132 1.0 0.6651694750238344
31093 31885 -1.0 0.6960839258418853
31123 74810 1.0 0.5214511759204682
31237 31837 1.0 0.6361382485083005
31238 32340 -1.0 0.556411770632185
31238 34585 -1.0 0.4036328340926285
31238 73095 -1.0 0.27574827309000605
31267 31686 -1.0 0.24985800016257928
31314 32344 1.0 0.6449645199813638
31315 38736 -1.0 0.8808475895368911
31335 39130 -1.0 0.1716977127744337
31335 39637 -1.0 0.30250587252123673
31355 39682 -1.0 0.4749825347014587
31374 71836 1.0 0.83175156527995
31379 44224 -1.0 0.7149420302250532
31418 44262 1.0 0.17495484016358978
31421 32349 1.0 0.6491538606029489
31421 32985 1.0 0.3929603967673668
31421 36584 1.0 0.6286182476920036
31421 39691 1.0 0.6413663139625602
31421 74804 1.0 0.7588768978860393
31425 38323 -1.0 0.39585861671433387
31441 45144 -1.0 0.23153682832284714
31505 77313 1.0 0.8993973755422251
31506 36875 -1.0 0.5933705215276356
31506 77324 1.0 0.847607233319341
31537 62214 1.0 0.8619123975818608
31554 56148 1.0 0.583046822316499
31554 58216 1.0 0.6718728791684764
31561 32777 1.0 0.27273647925057976
31561 74731 1.0 0.336394173404251
31579 72481 1.0 0.28695911254183376
31584 33857 -1.0 0.8036365630738215
31588 31589 1.0 0.9835441731966732
31589 39118 -1.0 0.4581434496457893
31594 39035 -1.0 0.2652921879418111
31594 62444 -1.0 0.4578046059303043
31594 77449 1.0 0.29308182642356745
31609 77339 -1.0 0.5075312961118004
31667 62587 1.0 0.8066619095457357
31699 76825 1.0 0.8718094685208092
31704 75292 -1.0 0.6012445829764824
31729 52786 -1.0 0.14296494240904892
31761 36161 -1.0 0.4390222748379695
31822 41278 -1.0 0.23883236715209383
31824 32295 -1.0 0.7637283656234977
31824 33807 1.0 0.4652905371993177
31826 36008 -1.0 0.14345722384638318
31852 31998 -1.0 0.4634456532712591
31864 39668 -1.0 0.5675898561742352
31905 32697 1.0 0.7578064294445833
31926 72599 -1.0 0.1761670243931837
31929 32248 1.0 0.662575345271279
31932 39055 1.0 0.26908207436028236
31980 32268 1.0 0.6780858861941771
31980 39075 -1.0 0.2301186274838459
31999 5567 -1.0 0.7604006689675546
32003 38891 1.0 0.6661750281786778
32004 32059 1.0 0.8870458255418238
32020 36679 1.0 0.25859461484676605
32020 39074 1.0 0.5253744708613438
32020 62704 -1.0 0.1464759039558696
32025 72637 -1.0 0.2094187475768366
32028 54023 1.0 0.719807082774617
32031 33821 -1.0 0.47166813537238467
32032 39119 -1.0 0.7962597828913051
32035 32509 1.0 0.7478402848464181
32043 45967 -1.0 0.20693585075318435
32043 74096 1.0 0.2593492053323669
32071 39521 1.0 0.79607782299393
32096 36868 -1.0 0.5711092659285206
32103 33814 -1.0 0.6606670327572168
32104 74015 -1.0 0.5413426355044603
32123 74860 1.0 0.7550883074982716
32124 39668 1.0 0.899416272783589
32137 46026 -1.0 0.32237360867312836
32137 46528 -1.0 0.29280463029009035
32172 36662 1.0 0.7651469119107103
32172 36664 1.0 0.6550172107051169
32172 49546 1.0 0.7126515275144472
32179 33857 -1.0 0.8494206803263178
32182 39797 1.0 0.8399845895041266
32210 44366 -1.0 0.221670322919334
32213 49969 1.0 0.2668580554997393
32217 40018 -1.0 0.32469271002329303
32217 41008 1.0 0.4865114241308594
32239 40988 1.0 0.7843942421759105
32241 35923 -1.0 0.22556433502256648
32242 32982 1.0 0.6246105975921867
32250 36313 -1.0 0.7157399367059044
32259 32643 1.0 0.9015001243936391
32259 32658 1.0 0.8909167294549583
32266 32797 1.0 0.9744787897500649
32266 36866 1.0 0.9279120998624718
32267 58359 -1.0 0.30452133650633695
32268 36724 1.0 0.47403978403602093
32268 39699 -1.0 0.5183755400852427
32271 35225 1.0 0.40666838708960623
32271 44513 1.0 0.5764021951721017
32271 45133 -1.0 0.2266015999377167
32273 36933 1.0 0.35105358839361295
32295 34670 -1.0 0.5247362599005547
32302 37226 1.0 0.5890616225172755
32309 32628 -1.0 0.8670853716205246
32309 36191 1.0 0.7578927018837155
32309 36900 1.0 0.40303941292423984
32312 34267 -1.0 0.8117386448375284
32312 36899 1.0 0.23868633948333304
32320 32622 1.0 0.7827532036187199
32329 54715 -1.0 0.1989371737807862
32340 43829 -1.0 0.18808877261365886
32340 54996 -1.0 0.11962838451345524
32342 44538 -1.0 0.6549163900522592
32349 36584 1.0 0.825726369662739
32349 39691 1.0 0.8486521683981516
32349 74804 1.0 0.758254129230576
32375 44028 -1.0 0.2776853319980407
32417 24 1.0 0.691128326308635
32417 46702 -1.0 0.16881891522455422
32417 70969 -1.0 0.3010836339853591
32417 74755 -1.0 0.4074316466876317
32426 39697 -1.0 0.8319938694875908
32428 34712 1.0 0.8026841263978954
32428 39700 1.0 0.7864217921574405
32438 32448 -1.0 0.601320018659467
32438 33653 1.0 0.46233464151254056
32451 32831 -1.0 0.6864317209732265
32451 39516 1.0 0.7337529816120756
32519 35372 1.0 0.7354831195623035
32520 32586 1.0 0.8289716038024099
32522 50056 -1.0 0.4123455505470484
32523 50056 -1.0 0.7343956328928333
32541 36801 1.0 0.663393690175657
32568 35306 1.0 0.9209798801560609
32571 32974 -1.0 0.4416056814611579
32586 36740 1.0 0.3382431023796554
32589 57013 1.0 0.15108666367102247
32643 32266 1.0 0.9312131542394944
32643 32797 1.0 0.8520368534276608
32643 36866 1.0 0.8608351115789492
32660 35923 1.0 0.7697898079527767
32664 35909 1.0 0.8769899537215385
32665 70952 -1.0 0.3470123676209041
32684 32747 1.0 0.7179734821406367
32684 36301 1.0 0.3538066269403833
32694 39636 1.0 0.4989522224080662
32710 32725 1.0 0.5228549248453532
32723 53797 -1.0 0.16406788544716358
32747 56454 1.0 0.24260891467949625
32754 36023 1.0 0.3599142622068616
32765 46730 -1.0 0.24228264783661893
32770 56938 -1.0 0.7001354256431688
32777 74731 1.0 0.77438919031276
32779 33800 1.0 0.5582632284296571
32779 40914 1.0 0.5800701569402577
32779 77703 1.0 0.5472178907610037
32797 36866 1.0 0.8302941801800438
32905 47133 -1.0 0.18301015055431288
32905 58148 -1.0 0.16644846468022043
32905 77845 1.0 0.4718557509833486
32968 32974 1.0 0.9598371119698204
32981 35121 -1.0 0.35478177456906834
32985 36584 1.0 0.4031915478822682
32985 39691 1.0 0.4885586499050001
32992 45967 -1.0 0.20373139239140553
33115 81883 -1.0 0.5469107710021096
33638 81130 1.0 0.5904472018348036
33638 81141 1.0 0.4625638342721739
33653 46157 1.0 0.7417172500509029
33802 33868 1.0 0.8306466306303685
33805 32623 -1.0 0.6998677823753289
33805 36192 -1.0 0.45163182510106614
33807 38379 -1.0 0.21223055302463883
33807 47210 -1.0 0.2869037096743179
33817 29436 -1.0 0.3490013356468172
33817 81883 -1.0 0.20743519823328777
33821 40836 1.0 0.6903432773914356
33822 40849 1.0 0.7010440132892874
33859 77466 -1.0 0.8141688027597098
33868 36870 1.0 0.4147925889691004
33873 46503 -1.0 0.5665265486723512
34078 34079 -1.0 0.8810362857211779
34078 46699 1.0 0.19184495080480987
34078 80000 -1.0 0.498836950276985
34079 80004 -1.0 0.2085478063496142
34117 39637 1.0 0.8610419257610082
34133 46201 -1.0 0.8793450857686185
34160 34168 1.0 0.5730615007868165
34160 39799 -1.0 0.27797796681234066
34178 50824 -1.0 0.24087530981881108
34267 37049 1.0 0.8524089151667935
34284 38640 1.0 0.5805168709087736
34334 34369 1.0 0.6182956693953037
34489 43908 1.0 0.31605957344776414
34489 77470 -1.0 0.33203322392349327
34709 82061 -1.0 0.8570219300807185
34712 36724 -1.0 0.25506626241182034
34712 39699 1.0 0.7528968822631148
34712 39700 1.0 0.590428692664844
34712 81255 -1.0 0.6474539900666453
34735 38439 1.0 0.7774474146064891
34812 72608 -1.0 0.110767897141811
34836 81870 -1.0 0.32586831357182805
34858 38375 1.0 0.8449693594772856
34914 34168 1.0 0.557676440632342
34914 39291 1.0 0.7371635979879648
34921 36917 -1.0 0.4704387375119533
34921 39118 -1.0 0.15418305196730372
34921 39260 -1.0 0.1972235771620007
34923 52852 1.0 0.4631431744792845
35023 41292 1.0 0.1256104778377902
35225 77676 -1.0 0.13950262030922655
35253 45946 -1.0 0.2964216186793133
35263 36932 1.0 0.4866462221340893
35269 28848 1.0 0.3491852298370394
35269 36870 -1.0 0.31104235693209503
35288 40222 -1.0 0.1630345862112033
35312 72782 1.0 0.44022070278480896
35391 34141 1.0 0.8909465258809462
35446 34714 1.0 0.6218855603921597
35446 36346 1.0 0.8675122203352504
35460 36582 -1.0 0.3045938694487325
35462 71542 1.0 0.9408965326563777
35478 58456 -1.0 0.1775755246106736
35500 71490 1.0 0.8863108392970741
35516 44272 1.0 0.6039547229330874
35532 39639 1.0 0.6652157557034097
35532 52792 -1.0 0.24147181439399226
35551 46157 -1.0 0.9235649392879197
35579 36900 1.0 0.7151739952491772
35676 46848 -1.0 0.22642061572903524
35689 39392 -1.0 0.6316938780518748
35700 35701 1.0 0.9617590676484209
35700 49583 -1.0 0.15899125986047036
35869 46177 1.0 0.29634944799803764
35909 55773 -1.0 0.24998245551432158
35945 34502 1.0 0.6522490362828399
35978 36774 -1.0 0.8052610962237998
35989 54715 1.0 0.2981573798746356
36008 36576 -1.0 0.4197772131029481
36009 40057 1.0 0.5742583511128744
36045 39053 -1.0 0.22017774284568908
36059 34141 1.0 0.6472336952880776
36060 36668 1.0 0.4589000151753572
36082 40767 -1.0 0.61954726800138
36139 36344 1.0 0.9568993546379209
36151 36929 1.0 0.8507580289814028
36161 36151 1.0 0.7582901179751734
36161 36924 1.0 0.6275119463689264
36161 36929 1.0 0.6921099603818001
36161 39670 1.0 0.6690793620455593
36161 76722 1.0 0.6552717728978115
36192 39035 1.0 0.5078727342115191
36195 6930 -1.0 0.329996791977505
36195 39030 1.0 0.5563209342388022
36217 74188 1.0 0.5530961086442564
36313 54126 -1.0 0.5828818569383059
36326 34168 -1.0 0.27636306176577685
36346 34714 1.0 0.7442028017691865
36359 71489 -1.0 0.39436211672298394
36366 36627 1.0 0.6288856639305451
36370 71465 1.0 0.5182518204260559
36376 40848 1.0 0.7319916769145322
36378 39089 1.0 0.7074454836182648
36430 54186 -1.0 0.14689217732911905
36527 38736 -1.0 0.8038472582604154
36572 56564 -1.0 0.163877263349783
36584 39691 1.0 0.8227145342713772
36584 74804 1.0 0.7998169609009323
36597 36694 1.0 0.9645882252477702
36613 39154 1.0 0.5947875094533982
36618 71282 -1.0 0.23851604896114031
36654 39370 1.0 0.5919990614550137
36662 36664 1.0 0.9199793567375343
36662 49546 1.0 0.816814152122197
36664 49546 1.0 0.697163542142853
36691 36525 1.0 0.8170002101529461
36699 39260 1.0 0.6551305017362572
36716 38999 -1.0 0.3931502504014456
36738 36774 -1.0 0.46438979532620894
36774 36784 1.0 0.8924807958761435
36788 5567 -1.0 0.7370056352208435
36819 77726 -1.0 0.7062421169489723
36846 37374 -1.0 0.8105329827698544
36874 39000 -1.0 0.38800764208041716
36900 82088 -1.0 0.2454772910365359
36916 37020 -1.0 0.3521315045332142
36917 39467 1.0 0.6583838874743467
36924 36930 1.0 0.8134799949552767
36924 37054 -1.0 0.8206011907205698
36933 53955 -1.0 0.33042236206543485
37020 37362 -1.0 0.5462210103449389
37020 74362 -1.0 0.22743289503843747
37043 41125 -1.0 0.15029147027202186
37043 74609 -1.0 0.17018514791041675
37054 60753 -1.0 0.19462147792311887
37108 52786 -1.0 0.15475177940328816
37111 56062 -1.0 0.29505745690472884
37444 39007 1.0 0.8740933470715335
37444 39286 1.0 0.46623867065327185
38190 50768 -1.0 0.2480018447317627
38229 38875 -1.0 0.6709131748701989
38231 38844 1.0 0.3693730842028804
38323 46395 -1.0 0.19768021002852323
38342 43860 -1.0 0.2580832907670189
38342 44709 -1.0 0.25340509621706886
38461 43375 -1.0 0.1562960727762708
38461 46443 1.0 0.19359901395242374
38461 50765 1.0 0.15307851673029715
38461 82049 1.0 0.21479822779731458
38540 38736 1.0 0.9340340323019275
38540 38738 1.0 0.5204873311653923
38600 77141 -1.0 0.29439678363120636
38614 40379 -1.0 0.33153013075872423
38736 38738 1.0 0.7183372540195665
38740 48827 -1.0 0.20547196662522607
38887 39433 1.0 0.723076947575385
38917 39175 -1.0 0.5867415439938398
38917 45034 -1.0 0.5584648737099186
38917 77695 1.0 0.640441744626826
38961 40146 -1.0 0.188433680899225
38995 39003 1.0 0.790261528418207
39007 39286 1.0 0.7534265047626028
39009 39172 -1.0 0.39444892280208466
39012 39130 -1.0 0.24757356583641077
39026 71838 -1.0 0.2883209377341038
39035 53959 1.0 0.26408622115661085
39044 78105 -1.0 0.5134561978885214
39053 56062 -1.0 0.2045654343628169
39062 74942 1.0 0.7905295452146943
39069 74942 1.0 0.5435418703840685
39089 39455 1.0 0.541015220731465
39119 40767 -1.0 0.8691523490239587
39150 39239 -1.0 0.6993141214682161
39204 78448 -1.0 0.2746133854676487
39232 62702 -1.0 0.22703836683896436
39238 39448 -1.0 0.8904573404988717
39239 74746 -1.0 0.35162860054642625
39240 75380 -1.0 0.26173508162254455
39241 75380 -1.0 0.3244060995309965
39273 72397 -1.0 0.1207233568213962
39291 39302 1.0 0.6369404850645317
39291 58148 -1.0 0.1686173611815756
39505 61250 -1.0 0.17467748552185555
39528 54026 1.0 0.18274275056709535
39528 57162 -1.0 0.45364298801210584
39566 44286 -1.0 0.3236929865386979
39637 40345 -1.0 0.49823131820511113
39670 47232 -1.0 0.1722121436130118
39687 40125 -1.0 0.6986326365836495
39688 41164 -1.0 0.4728314651024085
39691 74804 1.0 0.8553849228715361
39699 40032 1.0 0.8789185784369639
39699 77584 1.0 0.42482425775286975
39700 15998 -1.0 0.5001132952139791
39700 72884 -1.0 0.3805212924488592
39700 73571 -1.0 0.37162479545808835
39707 73917 -1.0 0.24193408843413688
39713 39721 1.0 0.8225847963542475
39718 46181 1.0 0.5870316490178444
39724 71058 1.0 0.7874846490835001
39751 39757 1.0 0.718911338091798
39759 40402 -1.0 0.6880749118162699
39759 72060 1.0 0.718668237031479
39759 78767 1.0 0.28129915046538895
39775 77662 -1.0 0.8577014206992701
39787 81870 1.0 0.33955819115470404
39801 62271 1.0 0.2806158115325322
39812 62357 1.0 0.6751770386053403
39840 75405 -1.0 0.2642937644711099
39878 82059 -1.0 0.48264735173822026
39880 71938 1.0 0.6764854627184158
39883 81249 1.0 0.7809788361941887
39894 40120 1.0 0.2816817835447491
39896 72766 -1.0 0.3781929986164045
39908 51210 -1.0 0.9360508276424893
39908 77644 1.0 0.6527063493189982
39957 40404 1.0 0.549817875936893
39961 75547 1.0 0.3235708199216955
39961 76642 1.0 0.6356440520895263
40032 77584 1.0 0.27633543994443327
40032 81941 1.0 0.5473756520783866
40047 71938 1.0 0.9062261509291027
40050 50051 -1.0 0.3884459251293247
40055 40379 1.0 0.8700018961083196
40074 75148 -1.0 0.5163562443212167
40083 33115 -1.0 0.2256897886930826
40095 46142 -1.0 0.22605038074274073
40107 75146 1.0 0.30002598067477976
40107 81957 1.0 0.5599039392670728
40124 62587 1.0 0.6155785379751255
40126 39539 -1.0 0.5872543072139766
40154 46443 -1.0 0.2555983420410525
40175 40720 -1.0 0.4714086384017543
40197 73802 -1.0 0.6663084882353755
40219 40222 -1.0 0.8732420354054162
40384 75270 1.0 0.6132683098246471
40384 81831 1.0 0.4810170098584095
40400 62705 -1.0 0.17645247203164305
40402 72060 -1.0 0.39206700276890827
40403 40828 -1.0 0.541289869668333
40404 75547 -1.0 0.57666990555205
40419 74425 -1.0 0.37712702637215845
40419 74465 -1.0 0.28081272833270315
40447 43865 -1.0 0.19190553819211253
40523 72574 1.0 0.47146049088782566
40540 81831 -1.0 0.4758250604880401
40588 81881 -1.0 0.4838505376720171
40599 40690 1.0 0.8890847833726769
40707 62496 -1.0 0.13153149726240157
40732 74804 -1.0 0.580869839452576
40806 77506 1.0 0.8376991520940351
40809 77504 1.0 0.8318940547788568
40821 40828 1.0 0.9811412595990464
40824 40959 -1.0 0.6675539073208547
40824 77937 1.0 0.6265703017381988
40832 76642 -1.0 0.49814912273763945
40848 77330 1.0 0.8356974835533882
40900 77132 -1.0 0.7611366533995874
40914 77703 1.0 0.7344742573640078
40937 74978 1.0 0.6606889418863228
40966 41008 1.0 0.9372293775834651
40998 71465 -1.0 0.20755925181458632
40998 77976 -1.0 0.7303144514751913
41039 77520 -1.0 0.7469617373764095
41115 74992 1.0 0.8446961590804573
41197 21643 -1.0 0.19464562256722592
41209 79667 1.0 0.5318342070312514
41253 41279 -1.0 0.4900295370808879
41276 71135 -1.0 0.5439813196542129
41318 20755 -1.0 0.19260917505544467
41450 15917 1.0 0.3335731806145067
41450 46528 1.0 0.4047413553146746
41829 29099 1.0 0.6503071582830824
41883 43375 -1.0 0.4638841616334687
42472 45137 -1.0 0.13810789963842754
42588 45865 -1.0 0.153814535472522
42588 81357 -1.0 0.16911150066131794
43097 43372 1.0 0.9299287386168136
43372 50090 -1.0 0.4546728527695926
43722 43729 1.0 0.758290129505431
43783 55122 -1.0 0.6691151374161513
43793 55800 1.0 0.5491796784225011
43829 55513 -1.0 0.1274788508527722
43860 73917 1.0 0.6618462471520572
43880 44840 -1.0 0.8756549575486183
43885 47082 -1.0 0.4184838772694597
43885 74453 -1.0 0.2511315392703004
43902 70297 -1.0 0.16631721547386635
43917 45049 1.0 0.32972024726605914
43952 73898 -1.0 0.2406923316263524
43976 72780 -1.0 0.35316644576943945
43990 72282 -1.0 0.15060665060112852
44030 46439 -1.0 0.15593470566399487
44031 47719 -1.0 0.2320465097983773
44065 46612 -1.0 0.2836452936049694
44066 25999 -1.0 0.21124239852917778
44066 47719 -1.0 0.2270834719651659
44241 44366 1.0 0.9325704481205587
44262 45939 -1.0 0.4411425748949424
44269 45049 -1.0 0.2553163050218317
44288 53676 -1.0 0.3958886117169309
44336 71563 -1.0 0.44482621759417845
44379 44888 1.0 0.5209286124917797
44379 44984 1.0 0.6697628691846971
44379 45018 1.0 0.420263896695474
44379 45279 1.0 0.4714130162604313
44494 70312 -1.0 0.22565170909257976
44514 53955 -1.0 0.3222862847381546
44537 46730 -1.0 0.4027563411361225
44537 62471 -1.0 0.3225894163703115
44571 77976 -1.0 0.5367396601805368
44675 62220 1.0 0.5790543954860456
44766 52826 1.0 0.33768838388212313
44766 54302 1.0 0.4600617154056812
44772 45609 1.0 0.8441860465897008
44775 46636 -1.0 0.3062436804818219
44775 49740 -1.0 0.28728921951303416
44797 53117 1.0 0.5470658435024262
44829 53364 1.0 0.3285466015868853
44829 55907 1.0 0.6648873955330507
44859 44865 1.0 0.28864748919269934
44874 53771 1.0 0.6072036962404471
44874 74730 1.0 0.6977914500382157
44888 45279 1.0 0.70324162993251
44906 53460 -1.0 0.941655134534215
44941 55907 -1.0 0.46577178254644475
44978 6933 -1.0 0.5800277652297414
44978 45019 1.0 0.9203303251688144
44978 45020 1.0 0.9507979220686736
44984 45018 1.0 0.5061916580117058
44984 45279 1.0 0.6493687041839075
44987 45001 1.0 0.698159722539633
44987 46589 -1.0 0.15240788617890078
45002 46589 -1.0 0.18501891614032467
45002 50824 -1.0 0.1476871939565398
45002 72854 -1.0 0.1656784054221954
45018 45279 1.0 0.5316194578947102
45019 45020 1.0 0.9398755856779395
45060 46427 1.0 0.5255603615511943
45062 47169 1.0 0.3156373770796129
45066 52792 1.0 0.25394006178192
45114 49748 -1.0 0.1334308881225285
45133 77676 -1.0 0.13909221250464737
45134 81433 -1.0 0.34741489435288325
45144 51262 -1.0 0.30587282871986776
45146 45164 1.0 0.7557029836863431
45146 73918 -1.0 0.34611355651780246
45151 45212 1.0 0.7891023758756882
45157 45956 1.0 0.6652652697340659
45277 45278 1.0 0.8911121594510033
45334 45337 1.0 0.6010775098521676
45334 45338 1.0 0.802308202979511
45336 45337 1.0 0.5494272828703926
45336 45338 1.0 0.7635381904579928
45337 45338 1.0 0.5781696459654904
45453 45590 1.0 0.92051600956982
45501 45518 1.0 0.8629101336560403
45676 54165 -1.0 0.9131080431101012
45789 45419 1.0 0.7367385588164003
45819 45821 1.0 0.6636138735898568
45934 45936 1.0 0.8781377988033783
45953 53460 1.0 0.5166238100380219
45955 74353 -1.0 0.5391104952556586
45956 74097 -1.0 0.2505027070480461
45967 74000 -1.0 0.3236580717915458
46105 50767 1.0 0.6016088804237182
46119 50767 1.0 0.45539122647206515
46140 71938 -1.0 0.3948835640584601
46266 51702 -1.0 0.31716971743285705
46287 71626 1.0 0.5457614102893427
46290 53913 -1.0 0.17496499408138125
46361 46746 1.0 0.7048208531928354
46394 62309 1.0 0.6964804447406175
46394 79686 1.0 0.6624201013506403
46395 24 1.0 0.34728203016330605
46395 29099 1.0 0.5372921994482115
46419 46636 1.0 0.8783882419632945
46439 46612 1.0 0.9027163413739409
46443 50765 1.0 0.7809547464933572
46443 82049 1.0 0.2384183554190575
46466 46494 1.0 0.972124940220688
46470 15917 -1.0 0.5820674647822633
46494 10109 1.0 0.6942740549194434
46528 81939 -1.0 0.5186989682434899
46564 77854 -1.0 0.37867891813897175
46578 46579 1.0 0.881124656343758
46589 72854 -1.0 0.1586422180062515
46692 46694 1.0 0.8649175488254665
46692 46695 1.0 0.7061101317801952
46692 54857 -1.0 0.365471254954992
46694 46695 1.0 0.7399763483210684
46700 77841 1.0 0.7565205862499605
46708 62422 -1.0 0.3814428384058911
46723 76047 -1.0 0.8928028801262305
46725 46994 1.0 0.6148736565596563
46772 18115 1.0 0.372719235865255
46812 47252 1.0 0.8751073096683494
46819 72778 -1.0 0.18808661058172296
46975 46746 1.0 0.865266822196333
47133 47719 1.0 0.764415488467663
47140 57162 1.0 0.5817002635948595
47157 49795 1.0 0.8217299472885041
47204 74189 1.0 0.5853221085056417
49581 62406 -1.0 0.1799488022916352
49583 71267 -1.0 0.14455677151724108
49630 62394 -1.0 0.696389684283706
49636 50907 1.0 0.8787498486194981
49709 50505 1.0 0.9677861203315318
49740 50528 1.0 0.6462239823816028
49740 78739 1.0 0.8361619749004403
49747 49748 1.0 0.9330879923654031
49916 74099 1.0 0.9039888483211015
50005 73898 -1.0 0.346660187980587
50032 70433 1.0 0.30419333849456
50217 31056 1.0 0.5271371983009903
50449 48827 1.0 0.8438599745184425
50565 74888 1.0 0.5427474323259607
50565 77526 1.0 0.4961191108570836
51051 72562 1.0 0.41100534785935783
51208 77486 -1.0 0.17912986393410965
51876 53012 -1.0 0.860037592416156
52783 56539 1.0 0.911850757887446
52806 54669 -1.0 0.5504475398651247
52820 54186 -1.0 0.8763201557210758
52824 56318 1.0 0.8528252500417095
52869 55785 -1.0 0.7677182515712673
52870 52965 1.0 0.9292079295757786
53014 57146 1.0 0.8142443661008741
53190 57548 1.0 0.6428480708361838
53364 55907 1.0 0.5769905392978691
53451 71614 1.0 0.1137070799783518
53451 73812 -1.0 0.18208282863937747
53460 56754 1.0 0.6405263430376064
53482 54996 -1.0 0.20364458308650701
53591 55649 -1.0 0.8883834020119025
53750 54437 -1.0 0.5549264446710601
53771 74730 1.0 0.6043252855815989
53855 79020 -1.0 0.2979721099720759
53857 79020 -1.0 0.1750793445557549
53859 56233 -1.0 0.5520502384817908
53934 53021 1.0 0.8176174040791537
55134 53075 -1.0 0.7815089727719814
55190 58002 -1.0 0.3205948853058568
55685 55689 1.0 0.5532642461732116
55739 56751 -1.0 0.29836117347189955
55739 73975 -1.0 0.2093999602739938
55800 52729 1.0 0.7451531057690488
55885 60357 1.0 0.6754328722300538
56253 56257 1.0 0.8652180647830185
56317 54238 1.0 0.28643179283212006
56357 74691 -1.0 0.15390277601656763
56751 73975 -1.0 0.16646785748920512
56754 74196 -1.0 0.378205626338782
57151 55926 -1.0 0.7858376807473263
57151 57153 -1.0 0.5627804488263968
57153 55926 1.0 0.7910057899820466
57947 72618 -1.0 0.4636859916899434
58003 58004 1.0 0.3610127882170668
58176 58216 1.0 0.8246804327286513
62105 62106 -1.0 0.5125176353680968
62205 71728 -1.0 0.2904491429832555
62205 74375 1.0 0.756021765942169
62220 70489 -1.0 0.5825964621047808
62231 77644 1.0 0.7105002503397504
62252 75126 1.0 0.3704564804603158
62309 79686 1.0 0.5541409974112327
62309 79694 -1.0 0.3100257579099481
62420 74810 -1.0 0.23234795941365077
62655 77683 1.0 0.1883580171704236
62682 79020 -1.0 0.3118143933625414
62704 62705 1.0 0.7561171590294449
63325 63327 -1.0 0.8669186512709012
64431 64434 1.0 0.9345264233054509
64434 20755 -1.0 0.11015517326484313
68521 74500 -1.0 0.12361760106116487
70297 70312 1.0 0.9370977540370101
70301 71170 -1.0 0.14029110574703368
70882 70920 1.0 0.9732591853553797
70925 71535 1.0 0.7582901349478702
71015 71135 1.0 0.7813373381273274
71041 71042 1.0 0.7940729817124303
71079 71091 1.0 0.9329714274078904
71164 71714 1.0 0.8950671529759742
71398 77720 1.0 0.20375730496253483
71426 71476 1.0 0.8656448036841049
71486 77980 1.0 0.6162431573042213
71512 71513 -1.0 0.7803707913657867
71536 71637 1.0 0.6244752921715726
71536 78530 1.0 0.2649518601727192
71563 20755 1.0 0.7582460033206431
71601 71602 1.0 0.9402786952258645
71727 71731 1.0 0.8675018767332503
71727 74375 -1.0 0.23688879641997507
71728 74375 -1.0 0.32303750529035535
71747 73386 1.0 0.8241536341790549
71788 72772 1.0 0.4339596624707368
71788 77528 -1.0 0.5031909663201478
71801 77451 -1.0 0.1970245671852772
71853 73658 -1.0 0.1852973435268075
71938 73792 1.0 0.8551764915023787
72099 78089 1.0 0.8404822287625753
72155 72158 1.0 0.9111601398239859
72315 71938 1.0 0.6498218078283554
72769 75533 -1.0 0.14928026382986315
72778 74553 -1.0 0.2039055547064117
72863 73072 1.0 0.9487032929106183
72896 73838 1.0 0.5351105867697924
73093 82086 1.0 0.3440722899328846
73593 73594 1.0 0.985941686679224
73681 81888 1.0 0.3955108656298493
73817 75532 1.0 0.24843197420562838
73846 77315 -1.0 0.37366808106649907
73942 73943 1.0 0.8501152328602208
73951 74109 1.0 0.8576590952600531
73952 32391 -1.0 0.7318677438602501
74196 74353 1.0 0.8418777533761806
74581 74406 1.0 0.9402622208539742
74711 74722 1.0 0.967242357803257
74755 79684 1.0 0.30964235194751694
74775 78894 -1.0 0.4367674154054514
74788 82086 1.0 0.3434594838248895
75131 77936 -1.0 0.39396169113260526
75146 81957 1.0 0.43781850678417233
75499 75834 1.0 0.9385594390164749
76666 76673 1.0 0.6665970380665642
77304 77937 -1.0 0.4136454051595349
77515 77719 -1.0 0.7363888482686408
77668 77669 -1.0 0.7274364378685506
77769 77859 1.0 0.760739083407855
78235 78392 1.0 0.9392595565471934
80000 80002 1.0 0.7863659672244319
80000 80004 1.0 0.5224848840053072
80001 80002 1.0 0.7030914628285702
80002 80004 1.0 0.68015729198849
81030 81045 1.0 0.7880952738462136
81121 34710 1.0 0.9314164886482169
81130 81141 1.0 0.840103981850985
81206 81207 1.0 0.9724643154883112
81206 81415 1.0 0.9417790356191983
81264 81327 1.0 0.9730635259617016
81323 81353 1.0 0.9731982734761547
81323 81357 1.0 0.7561202773259004
81323 81463 1.0 0.8347542327700052
81353 81463 1.0 0.8075666631042985
81433 81592 1.0 0.8986556217926707
81605 81358 -1.0 0.9259048488532792
81622 81387 -1.0 0.7081811284225135
81835 82065 1.0 0.8745028578509387
82010 82022 1.0 0.9621428699090053
82067 82068 1.0 0.9562057869922006
