14899152 14899888 1.0 0.09626233731763079
08569998 09393605 1.0 1.78392250876684
06200344 07498210 1.0 0.7069100697060062
00380083 07374756 1.0 1.349819524066663
05937112 10324851 1.0 -0.9577095756666569
08433447 09417365 1.0 -0.13445887436886705
01023636 01023820 1.0 0.6784792510349908
00354884 07493280 1.0 0.2051335001635579
13127091 13130305 1.0 2.3366333424048316
08431437 09417365 1.0 0.3726814802052967
00787061 14485673 1.0 0.1978163278218774
00167278 00196485 1.0 -1.1106132603989565
00285889 13650447 1.0 0.6456485627542041
01238424 07373602 1.0 0.9374463286410625
06731802 06816935 1.0 1.5236212290977584
04559451 07388987 1.0 -1.3790405726374724
00787465 13285176 1.0 0.6294246126620067
06686736 07500159 1.0 0.8811034112454164
01063697 14010927 1.0 0.9955037209363224
15159583 15160579 1.0 0.9898735629975315
00931847 07039056 1.0 -0.2569472710770211
00900726 03173524 1.0 -0.17113363214827748
00037396 01182312 1.0 1.5695715419144622
00146856 08542634 1.0 -1.4243286246751548
09762101 10681383 1.0 2.0236747028354096
02870092 06413666 1.0 2.3790830165201933
07547805 13980288 1.0 1.4721187807009803
03581125 08547938 1.0 0.6199831596680101
15292336 15292502 1.0 2.6646109976719874
01215902 13365698 1.0 0.5754910672494602
04714679 13980845 1.0 1.332440333123452
02737833 09228324 1.0 0.24235366057298102
03932203 09385911 1.0 1.8427542136726602
00798245 08464601 1.0 0.9158109879226285
13934465 14840755 1.0 -0.6688804954857472
08227214 13950812 1.0 -0.9056116886556329
00585406 03315023 1.0 1.7210481007991913
07071483 07109196 1.0 2.2930204780963392
07340249 14285662 1.0 -0.6136417067813951
08170686 10307234 1.0 0.18105011565491602
00202284 01169744 1.0 1.3495675936940519
04895246 05697976 1.0 -0.4219426184832846
00364260 05110185 1.0 0.2135406742986945
02153445 05563266 1.0 2.078689336459714
03343560 14686186 1.0 -0.8456707209565213
15100257 15102622 1.0 1.1459895850029902
10206887 10363913 1.0 0.93959698906748
07340249 14298815 1.0 0.4965178064917113
00267522 00829378 1.0 1.0422707187369047
03201208 07565259 1.0 -0.083062270750909
04693096 13907272 1.0 0.5133710781261438
07330007 14473222 1.0 0.5603939717635247
02958343 03700963 1.0 -0.36167471391545103
13828905 13854649 1.0 1.4538204358620566
04895246 05943066 1.0 0.6983674191398286
05058580 15283097 1.0 0.9333779175971267
00034479 05671325 1.0 0.2021663328723451
06303888 06751974 1.0 0.43286658737541184
13721387 13721529 1.0 3.6658019951592067
01176335 13977366 1.0 0.14194311960819062
06561942 06562217 1.0 2.7859178729286533
00050887 07343363 1.0 0.09773842526502574
01118182 08408267 1.0 0.7904911219636463
13353446 14638799 1.0 -0.8564322188081648
05839024 06473563 1.0 -0.30506422003306577
08243081 08404549 1.0 0.608347384636706
00047106 13525549 1.0 -0.36477879403211233
05916739 05949726 1.0 1.5210864873209395
05068918 09206985 1.0 1.7324816143553567
09887850 13929588 1.0 0.3824168988821497
05855004 06723908 1.0 1.3537541940306406
10317007 10371741 1.0 1.5264638618315054
00415098 08507381 1.0 -1.0414961084827938
00061917 07039056 1.0 -0.31252874951350185
05793554 13809769 1.0 -0.8812845419717568
05701363 13525549 1.0 -0.7618920390259114
00551215 06619428 1.0 -0.07120711471301022
07010821 07130050 1.0 -0.4398979025077985
07294019 11410625 1.0 1.3351548377099376
10288516 10289176 1.0 1.6143122601950988
05819149 06739990 1.0 1.0324144388571537
08077711 08214272 1.0 0.6257346362136231
06156752 15121406 1.0 0.33290630619033146
03173524 05766984 1.0 -0.6386840054230238
00882702 07578879 1.0 0.1643425146570665
03234306 07003119 1.0 1.5098569460567088
00158996 07246582 1.0 -0.4070042172750705
03032811 13873917 1.0 -0.4922649999763946
02873839 02968333 1.0 0.8547191934001444
04688246 05850823 1.0 0.20864968772559367
01106460 03306385 1.0 -0.37059192444325895
03120029 08431437 1.0 -0.09522618786105252
05836598 05916739 1.0 1.918623104216405
04227144 07048627 1.0 -0.7693922565569364
03033986 03098140 1.0 0.4908412027222824
08573472 08626080 1.0 0.4204471897343678
05112215 07313004 1.0 0.7324837864692881
13940456 15295045 1.0 -0.5368569144958717
02960352 02960501 1.0 2.4617411040068893
00235435 00241699 1.0 0.5282602909776815
07654667 09385911 1.0 0.5513276375840734
06657202 13827205 1.0 0.20195558156144267
08507381 15287830 1.0 -0.9773929614632162
00329227 13513747 1.0 -0.4082039976359537
05114371 13595550 1.0 -0.4278740422223706
08166187 08328700 1.0 1.4687869650725447
02934451 02960501 1.0 2.534153267153581
08220891 08221348 1.0 2.3699588794450532
01061333 07191279 1.0 0.3958388456193698
00047745 00063014 1.0 0.5394949577875674
05724694 14322699 1.0 1.6638434889681677
08274443 08274565 1.0 0.18923060255914037
15120050 15244650 1.0 2.2572258221838775
06411592 09824361 1.0 -0.10767640659398059
07327288 07445480 1.0 -0.784144386934555
03079741 03080309 1.0 0.4862520527477767
05074774 08622586 1.0 0.2238874116428724
07161429 07162680 1.0 1.1571608193982224
04014297 14539960 1.0 -0.09233566352553502
01902877 09425607 1.0 0.7318453730978602
07294777 08459648 1.0 0.32080306547871307
07602650 08521816 1.0 -0.5747392916218952
05093293 05093418 1.0 3.6031321967588292
08630039 13809207 1.0 -0.5223507026618486
00279835 11425088 1.0 -1.020134014379305
02322213 05563266 1.0 -0.34466151747570883
05789089 06743506 1.0 -0.8846582160456058
04675314 04809642 1.0 0.23743543574409398
04981139 07371293 1.0 1.113613551502621
15246353 15292069 1.0 1.6847090960947095
00409211 13525549 1.0 -0.17299074105422418
00343249 00345641 1.0 2.803524827688774
08590719 08689771 1.0 1.6894443506219257
00034479 04617289 1.0 1.3357825089660738
06504462 06763273 1.0 1.8211915067342086
04703235 04821084 1.0 2.554585578449502
00418394 01221790 1.0 0.132264678909227
01112420 01113068 1.0 2.8584202061617705
04339291 04339638 1.0 1.3941827582321746
07309781 11425088 1.0 -0.7886697127884554
05035353 11458624 1.0 0.4612390118478764
08165455 09770472 1.0 -0.5589048418206497
07520112 07528470 1.0 2.3385510646287666
00199707 00999787 1.0 -0.021195097617041858
00217773 07335243 1.0 1.2301089249654293
05868954 13809207 1.0 0.7100631437755376
00240184 05633385 1.0 -0.8993293268093789
07371293 11480930 1.0 0.4230019766759625
05671325 05855004 1.0 0.5469796826468125
10298912 10752930 1.0 -0.7641044061300128
07500159 14412374 1.0 1.4146028494551415
01097292 08072837 1.0 0.9391173997146963
14586769 14625458 1.0 2.3686158454428483
00331950 11425088 1.0 -1.02748225639378
01097119 14514039 1.0 -0.18219204872159622
04681387 06794666 1.0 -1.3476745505376049
08077711 08187033 1.0 0.09091122697527765
00551407 06486874 1.0 -1.0342322073492163
00354884 14445749 1.0 1.051766737209207
13353446 13371760 1.0 0.45540326217496285
00167063 00196485 1.0 -1.1079713949706216
04359589 04360501 1.0 1.6714179078611546
01132864 04913839 1.0 -0.3311934964635923
06646243 06794666 1.0 0.46653151861846553
04924103 15145171 1.0 1.5427691778805241
01256417 05617310 1.0 0.8244416210482868
08375526 08375912 1.0 0.6019925451390826
06791372 06876144 1.0 1.3216404028557398
04217882 06793231 1.0 0.6125925193813166
01170320 07231943 1.0 1.28519626344284
06723908 07289831 1.0 1.3359177926543218
01231980 05088804 1.0 0.1827865810837126
06161718 08441203 1.0 0.9241416471484134
00972621 07306160 1.0 0.369952621985963
00003553 13810323 1.0 0.2726497514446746
05949726 06782019 1.0 1.3812755655133686
06156752 15123996 1.0 -0.10967569896806828
11892029 11892637 1.0 2.299900941558501
08264583 08264759 1.0 1.8226551180306159
00343249 00345454 1.0 3.08328878716258
06763681 06766190 1.0 1.8348244015171227
08507381 09417097 1.0 1.1097454827234667
06409752 07037465 1.0 0.21787037730379066
05925366 05937112 1.0 0.8207703836975742
13780719 13812607 1.0 1.5599662027347927
05670710 08061042 1.0 -1.311611635055073
01887474 08101410 1.0 -0.3867998986472365
04424218 05671325 1.0 -0.9025004618184398
00725506 09904556 1.0 1.4327477919601503
06646243 14301785 1.0 0.5701209771172671
00166702 00775286 1.0 0.06375770636987732
04092447 13902336 1.0 -0.04539268798042406
00364260 07324917 1.0 -0.6479687348444494
07138085 07243837 1.0 0.8425154861740578
00819024 07419599 1.0 1.6754105592234378
05125377 05623628 1.0 0.7172689977023023
06261260 07279285 1.0 1.5839804347122792
06646243 07270179 1.0 0.7140120277794513
03343560 13480848 1.0 0.40860506288012544
00007347 07326557 1.0 1.7758809576485712
03574555 03746574 1.0 0.17153696924576445
02944826 02945161 1.0 2.0925460168914536
06269396 07037465 1.0 0.2715936776268435
05108947 13754293 1.0 1.654723644334934
00283127 07311115 1.0 -0.002372453635073102
06642138 06681177 1.0 2.6789296984428974
07948518 10206887 1.0 0.1883724968559075
00333829 07428450 1.0 1.4504632645190878
05838176 06753030 1.0 -0.07013029970086193
05839024 08111157 1.0 0.28332074227537807
00883297 00887081 1.0 2.8124971963605176
06646243 07286014 1.0 0.6230846260086067
03646916 04582454 1.0 0.30265199171599977
01216191 13366311 1.0 0.1930740591058877
04424218 07289831 1.0 -0.2584495317619244
06626286 06763273 1.0 0.539755146817587
01266364 07148192 1.0 0.7225112287483921
05848541 05912552 1.0 1.1187925536247465
08679972 13827426 1.0 0.31475640835528096
01055688 07053089 1.0 -1.2151427737346219
04068976 11503060 1.0 0.9083410607672079
15280497 15283097 1.0 2.7949147839061825
07443761 13547925 1.0 -0.07900865324708328
00575741 05755883 1.0 0.4302833992052335
05846932 06788785 1.0 -0.9761271642046552
04068976 05010627 1.0 -0.19558579179430913
00636921 05797597 1.0 1.015646541663069
11505769 11505952 1.0 0.9898590543197776
08240633 08244062 1.0 0.987933112239815
01114824 01117541 1.0 3.3989003625155454
15145171 15153787 1.0 3.0966027513234806
00024264 05849040 1.0 1.4194925174930804
05196375 14441825 1.0 1.8429004952813315
00728464 09904708 1.0 1.4072257446923742
07510923 14486122 1.0 0.8919929752167577
08565894 08566884 1.0 0.7711228183932342
08622201 08622586 1.0 1.6146710405135103
00279835 00331950 1.0 3.104623697744998
00061917 00940043 1.0 -0.014872629326584397
00072261 04694441 1.0 0.6578192378747769
00144632 07413815 1.0 0.5876248099096621
01041498 13270373 1.0 0.2713672559628171
00721431 00722479 1.0 0.1972487163499428
06398401 07291794 1.0 0.33284063545747133
08219226 08219330 1.0 2.377924471999469
04980008 05713737 1.0 1.940511582814909
01061945 07192129 1.0 -0.009276076950482492
05703429 05703803 1.0 3.5286101284287112
06398401 07291312 1.0 0.9749422913189136
03588414 06795746 1.0 -0.17081463209439685
05697976 05943066 1.0 -0.8224517802283637
01166258 11409538 1.0 -0.4299865841414663
07071483 07110457 1.0 0.08939417647412795
03870546 07956426 1.0 -0.9221837740817516
13365286 13365698 1.0 2.384064176861889
04464125 04464211 1.0 -1.4599793817877478
05475878 05510907 1.0 1.1074624525711039
03699975 03700963 1.0 1.4207373836031771
00324384 07445480 1.0 2.1190394170726043
14498404 14516743 1.0 1.0115037406304885
03892891 09385911 1.0 1.700679794942026
10639047 10639238 1.0 -0.47084007194208155
13489037 13497135 1.0 1.5606569495483296
08630039 09385911 1.0 0.14726609456594186
06740402 09178999 1.0 0.7344534512317602
07458453 07472657 1.0 1.804873044358284
04014297 13344071 1.0 -0.15864648563609274
04099429 04232902 1.0 -0.4470266335833841
07175241 13971065 1.0 1.158548840109704
13333833 13417071 1.0 1.6174561343503928
05526384 05559908 1.0 0.7523819635911506
03210940 06879521 1.0 -1.2854180922487992
00722061 05149325 1.0 0.4246327524675193
01220984 04897762 1.0 1.693712690764936
03343560 07302836 1.0 0.35207474119484905
05840188 06795967 1.0 -0.5081110413883385
05107765 05861067 1.0 0.3290099696395383
00090253 00139919 1.0 0.5108870394586702
00802238 14540765 1.0 0.9165663006480919
08499057 11431754 1.0 0.7316792234163652
08521816 08523483 1.0 1.5822263956548104
05696425 10680153 1.0 0.6339329331901702
01051331 05074774 1.0 0.2872001898942014
07262108 09921409 1.0 -1.2661078388292255
00913585 07213989 1.0 -0.6753249048886731
02856463 15101854 1.0 1.9101183279442575
08617963 08677801 1.0 -0.4275957804868584
08621598 08622586 1.0 0.7657991103820563
04571088 13608788 1.0 0.5480164716593172
00333829 14403282 1.0 0.30047618999875225
01264667 15143276 1.0 0.39787960535663625
08665101 09397607 1.0 1.3301385988873131
05084889 15246353 1.0 -1.219574626259099
14289590 14290534 1.0 0.6134835937564997
08214272 08219059 1.0 0.040294072245815604
00881649 08560952 1.0 -0.548655619792553
08324514 08325686 1.0 2.1205699843533052
13265425 13285176 1.0 1.111665600234363
06685040 06732925 1.0 0.4715777694045771
00036762 00786195 1.0 1.0581801560153505
00433216 00523513 1.0 1.3272736281485078
00003553 09465459 1.0 0.6656810645658473
05906080 10438470 1.0 -1.4619245466088984
13396276 13595550 1.0 -0.20893436998156867
15159819 15179888 1.0 1.2496284859652322
00803617 14441825 1.0 0.6287136109504459
09906538 10677713 1.0 1.30626571736475
13250398 13353280 1.0 1.00000006445919
05127782 08560952 1.0 -1.0762134721933294
04655442 04912240 1.0 1.4316863255048837
06652242 06788897 1.0 0.8089438073096558
00034479 05984182 1.0 -0.08708647056861651
02993546 05463533 1.0 -1.0065533056349154
00182213 00183505 1.0 2.590359200305915
00312691 00415676 1.0 -0.04962129641821278
00415098 01055688 1.0 0.775819308925622
00415098 07053089 1.0 -1.2608017974548815
05944958 14486122 1.0 0.18157661201145214
00849982 07324380 1.0 -1.3372618673452745
05845140 06845599 1.0 0.3279927549201247
08659446 09393605 1.0 1.028925938190958
07602650 08523483 1.0 -0.311921565271418
06729864 07192129 1.0 0.34833132632529984
00083448 06783265 1.0 -0.9650948512804258
04587648 04588986 1.0 1.825272209980177
00785959 05798043 1.0 0.7769268754380654
07291312 14459824 1.0 -0.24092539979740213
01902877 03959701 1.0 0.5072191714778327
09367991 14449405 1.0 0.16610899770634346
06618427 07358985 1.0 0.2757923143173542
05030680 13945102 1.0 -0.21443623389622424
05916739 06782019 1.0 1.582498325222342
00510723 15256714 1.0 -0.674346355459631
01052853 07363545 1.0 -0.7342704571812209
13384557 13384877 1.0 1.8581981276940287
02973017 03704376 1.0 1.676276137265615
01060234 01103614 1.0 0.037837426455780365
03777283 05890249 1.0 -0.529592314760047
05093890 14428160 1.0 1.088468277968606
05018542 13983147 1.0 -0.14416726645305777
11493827 14482620 1.0 -1.234225475264326
08213205 08219226 1.0 2.1183948789655407
00345454 00345641 1.0 3.220359934132966
05042871 14543931 1.0 0.32882520020301365
05868477 06398401 1.0 1.2229276912548972
03820728 03820950 1.0 2.074345274624024
00191142 04752034 1.0 0.8067503291967186
05110408 07324917 1.0 -0.8243788144683326
05250659 13091057 1.0 -0.05497113938602971
05938400 06620906 1.0 -0.4749285610550933
00039297 07279285 1.0 0.8394530578782653
01109467 11409538 1.0 -0.6801198757166675
04099429 07263053 1.0 -0.3245933159958887
06490173 13596986 1.0 -0.18710095574107966
06746005 07199565 1.0 1.3027192408619817
00002452 04424418 1.0 0.8357090739813708
07053089 15287830 1.0 -1.0931101725570471
00125629 07302542 1.0 -0.49129498692057005
05855004 07289831 1.0 1.49826597354247
05175904 05181199 1.0 3.305328728006381
03006105 13893786 1.0 -0.4467621743543697
04692157 14464203 1.0 0.9362140009448383
13456567 13457378 1.0 2.0163288362486407
05832264 07524529 1.0 1.1270950651996114
00167063 11409538 1.0 -1.7278354280849926
00409483 00955060 1.0 2.635832372909011
00521562 07217349 1.0 -0.405465579977939
04981139 11480930 1.0 0.47059974432038376
05984182 06723908 1.0 -0.3174441329032671
01173038 07338681 1.0 1.5395104495533438
08177592 09840217 1.0 -0.5942136815067407
04682462 07271942 1.0 -1.656479255016968
06409752 07218470 1.0 0.9038630905318803
00731222 00970645 1.0 1.4471452366402362
01109467 01166258 1.0 1.9496327611725208
02687992 08569998 1.0 0.0068856049524030905
00157957 11414411 1.0 0.56707272365908
03217458 06470073 1.0 0.8942286545882036
05927813 08435388 1.0 0.015447718024467205
09367991 14449126 1.0 0.00572440493264037
04424218 05855004 1.0 -0.2975585949996318
05867413 13809207 1.0 0.6376261074162095
00180228 06511874 1.0 0.13421008546338764
09465459 13810323 1.0 1.9429450301377942
05827509 07528470 1.0 -0.027259505812293083
00900726 05766984 1.0 0.10616269705163917
00192300 00351638 1.0 2.0950517188151974
00414179 05190106 1.0 -1.0009005056468063
05826914 09387222 1.0 -0.8480536662735529
07416714 15245829 1.0 -0.04613606531356518
04153751 04154340 1.0 1.8992075692131434
05671325 06723908 1.0 0.47059483811800695
08219059 08264897 1.0 0.127704513721006
13779032 13779244 1.0 1.5080782409403009
09409752 09409898 1.0 2.9384297502858674
00520257 06879521 1.0 -0.1528009490740847
02472293 10289039 1.0 0.23008881218792654
05809878 13956097 1.0 0.9850788964855351
05718254 11480930 1.0 1.2446422279580036
01212519 05693919 1.0 1.7051221499611833
05671325 13943968 1.0 1.0027490434004411
01128390 14442530 1.0 0.08847486100297597
08506641 08551628 1.0 1.9304396403179944
08499057 14841267 1.0 0.5974082977752471
05945642 05949726 1.0 3.144156296771505
00576451 06373513 1.0 0.009284182791796214
00563823 07443761 1.0 -1.4262016891408882
03841417 04599396 1.0 0.9879123441056163
04681387 06646243 1.0 -1.0641385364641427
08187033 08264897 1.0 0.7592965349114718
06514093 07221094 1.0 0.4459411580850261
00803617 05196375 1.0 1.009213406577647
03450018 04072193 1.0 3.0573136560428047
05190804 13945102 1.0 1.854370578397122
07218470 07220300 1.0 0.5013242089041141
00235435 07290905 1.0 1.349711393146234
00409211 05701363 1.0 -0.57806239544467
00027807 04677514 1.0 1.2952419398430082
07962124 13774404 1.0 0.5952074518756423
00036762 00798245 1.0 0.4091059544092117
08078020 08224580 1.0 -0.5896532273061008
07339653 07420770 1.0 0.19058442674961307
13614679 13650921 1.0 2.5221840984029216
13275495 13277886 1.0 2.2783332471122644
00947128 05190106 1.0 -0.8837913381305831
00521562 06891022 1.0 0.7101678789059558
04388743 04389521 1.0 -0.6391276591490618
05114371 13396276 1.0 -0.13796273245317137
08053576 08075847 1.0 2.272847068112385
09425607 13155759 1.0 -0.6908590187165826
08077711 08219059 1.0 -0.2569612004968991
08177592 10461424 1.0 0.6068918959392111
13269890 13270038 1.0 1.1770239844360542
07567390 14837506 1.0 0.12844449797008495
04924103 15153787 1.0 -0.1323753694936487
05944958 07510923 1.0 0.2962249487823929
06726158 06746580 1.0 2.854384447692503
00230172 07336346 1.0 0.2963357927635022
13653902 15295045 1.0 -0.5345262461201803
03932203 13286524 1.0 -0.036862462068004254
00372607 00811661 1.0 -1.0586999188367514
06516955 13354985 1.0 2.3935501205068044
00279835 00280586 1.0 3.090945150597058
05463533 08514034 1.0 -0.21681848415681548
06608277 07157273 1.0 0.5586635810905012
00051192 00328015 1.0 1.414112866577887
01118182 08408557 1.0 0.2837069216787713
00401783 00426928 1.0 1.3205877104422583
03185562 03185746 1.0 1.3183256997026758
01231980 07413899 1.0 -0.29367659279673575
00167278 01166258 1.0 -0.4224383813318209
04678908 06759349 1.0 -0.08542868096301404
00491366 06737394 1.0 1.0318585591421394
07307172 15252907 1.0 -0.5517415796916723
00027167 03682189 1.0 0.887443128316141
00331655 07444668 1.0 0.6535494102254904
13497135 13754293 1.0 1.5426437531703976
03120029 09417365 1.0 0.0992372766025198
03470629 04483073 1.0 0.7934928267853747
06739990 09178999 1.0 1.3016519487043743
05771836 07173959 1.0 -0.8383261010840233
00334935 01173965 1.0 1.228622563856441
00061917 00931847 1.0 1.2716698170179308
05905348 06756680 1.0 -0.5567776900908066
00047106 00097504 1.0 1.565405341346036
06196284 06208751 1.0 1.383423432629363
07143624 14484778 1.0 0.5143419685168269
07353376 14459824 1.0 -0.8069477136641727
03210940 07213717 1.0 -1.3761869386354313
00489475 06618234 1.0 -1.990524089937432
05074774 08622201 1.0 -0.8083559683936232
00171249 07423365 1.0 -0.8462711068065931
07180372 07248060 1.0 0.16012215147866304
00241699 15265518 1.0 0.023074919460668086
09385911 13809207 1.0 0.94740197481129
05202497 05623181 1.0 0.43361214534262627
09213565 09213828 1.0 2.2799337975003215
04931965 05726345 1.0 0.16709863398919755
06333653 07972279 1.0 -0.6432681745331594
13490343 13497135 1.0 0.5494970524842262
04322387 13367070 1.0 -1.782309214457816
00585810 10320863 1.0 0.7772099598227244
00120202 07350401 1.0 -0.06657820580959961
15159583 15179888 1.0 1.4087223518820768
10671042 13368052 1.0 -1.7427582513455273
07368256 15271008 1.0 0.22562218828956992
05686955 14408086 1.0 1.898496285305183
06615561 10032676 1.0 -0.7154654408978955
06687358 07180372 1.0 0.776651167091116
03820154 03820318 1.0 1.2689103527010617
11431754 14841267 1.0 0.20558328977518925
05930574 05933834 1.0 0.09753490901202677
13456715 14560612 1.0 1.4448580299488614
00180413 04638175 1.0 -1.119685757159718
08544813 08556491 1.0 1.7154956428957087
05704694 14435187 1.0 -0.7363790929308536
04676064 04681387 1.0 -1.0279712813431234
06593803 08458504 1.0 -0.7228911233045712
04263614 09407867 1.0 0.5738949777164297
05149325 05149978 1.0 2.2892101634852486
13344071 14539960 1.0 0.4254124484364781
08568256 14513259 1.0 0.9917371483620694
03728811 09900981 1.0 -0.5738948488631812
01215902 13365286 1.0 1.3192252787113254
03959701 13155759 1.0 -0.7859007715829849
04353803 07959016 1.0 1.1011208352543629
10468750 10468962 1.0 1.1610184682210738
02687992 08659446 1.0 0.2312928667219698
08565894 08566707 1.0 1.6121033357740118
00211110 06373747 1.0 -0.17268388265743218
08546183 08546870 1.0 1.7376905349382012
05945642 06782019 1.0 2.211234832553006
07492655 14446161 1.0 1.427172293965445
06290637 07092356 1.0 0.2977986238373791
00309906 00798245 1.0 -1.2424494565972721
08226699 08672562 1.0 -0.6449445154668942
02472987 05670972 1.0 -1.186054990238122
05197797 13953608 1.0 0.6192027873860961
04617289 13943968 1.0 1.9910664524498662
07495327 07496463 1.0 3.4095709639044256
10222949 11085402 1.0 0.6478265499969873
00586262 00722479 1.0 1.4508650029407884
07295629 13283764 1.0 1.1428557424127512
04321804 04322026 1.0 2.449248036375628
02924713 05730591 1.0 0.8389749853370057
05662532 13405962 1.0 1.3901801687531805
08566707 08566884 1.0 0.9163618293737817
03704210 06595351 1.0 2.1984420057221508
00235435 07325190 1.0 1.6053579828766198
06626446 06741305 1.0 -0.12232777814726825
05637558 05752544 1.0 0.4983491276830032
00952963 06373513 1.0 -0.9026850968218691
04553245 04553389 1.0 0.8259219683787873
03073977 03074380 1.0 1.589633887248197
06646243 06798750 1.0 0.9999999850080823
01232842 08385280 1.0 1.200023738107098
00567044 00572489 1.0 0.9045844461562191
01132864 07545415 1.0 0.4923464273618763
04708796 05642175 1.0 -0.33627858655301957
06378298 07049713 1.0 1.0922544060427803
05110185 07324917 1.0 0.15520447900669398
05984584 07285403 1.0 1.8986754913296677
10186774 10187130 1.0 0.20253922084539622
08274354 08274718 1.0 1.2208927124926916
04731497 05849789 1.0 1.7885668782965711
05083200 13913849 1.0 0.7030110413988095
00795720 05910453 1.0 1.0335287426978144
03287178 03860882 1.0 2.5539831409416274
07289831 13943968 1.0 1.544088550501812
00554300 13977732 1.0 0.5540021269257174
03892891 05867413 1.0 0.9999999751586425
07296428 13859043 1.0 2.1177788598983334
08565701 13903387 1.0 0.7227424703907688
07302836 14686186 1.0 -0.7857675615038264
14899328 14899530 1.0 0.7586792542680476
00133338 07386370 1.0 -0.2779696438642545
09440186 09446115 1.0 1.466661872721396
05037394 07102945 1.0 0.582276641379351
07325190 15265518 1.0 1.1098663107735327
14899152 14899530 1.0 1.137131461917435
03987079 05766984 1.0 -0.5095228666361988
05058580 15280497 1.0 1.4644532968117303
06428216 07653394 1.0 -1.6457361513660835
00217499 07314838 1.0 0.918741600916505
05770926 05833840 1.0 0.5980040043634327
05925366 06672752 1.0 -0.49776121192809475
08182962 08183802 1.0 -0.7548247403096555
05784831 07138915 1.0 0.6118549299241562
14010636 15271008 1.0 -0.19546962939664647
04424218 13943968 1.0 -0.24066745603978656
03899328 08616311 1.0 0.9774911224555084
03004824 04133648 1.0 -0.1932259339651794
07368256 14010636 1.0 -0.7078177391585303
05790758 09991867 1.0 0.8285551636992365
00830448 04882968 1.0 0.013759623021255774
00363788 02679415 1.0 0.6976679510306378
15203791 15204297 1.0 1.8914855996903643
06794666 06795543 1.0 1.2826668715778107
11418460 14473222 1.0 0.7893538913210929
00654885 01207609 1.0 1.2265983929187945
04424218 05984182 1.0 -0.06293174153953429
00415098 09417097 1.0 -1.2003100261185176
07357388 14422179 1.0 0.40608759714496556
05846054 06652064 1.0 0.9981406760975404
05920159 06604066 1.0 1.054736623635589
08566028 08566884 1.0 1.288274048304802
15135996 15169873 1.0 2.4072620579044752
02687992 09393605 1.0 0.41361124665410354
00034479 05855004 1.0 1.1339892069219673
00635850 05787005 1.0 -1.3628727840203148
05108947 07356676 1.0 1.8330446265259506
14899530 14899888 1.0 0.6663876038877079
13619920 13764764 1.0 0.13973947664036412
15121406 15123996 1.0 1.4424397866718317
00453731 09335240 1.0 0.44748611520224446
04681387 06798750 1.0 -1.1172563336530192
07358576 07415730 1.0 1.650049097526277
05074774 08621598 1.0 -0.09711998798818589
14076479 14138691 1.0 2.358143188411158
05996646 14514039 1.0 -0.0776477741809316
05058893 07376937 1.0 0.30971546440117925
01162928 04317420 1.0 -1.3923278053339954
04713428 13971065 1.0 0.8180152841722401
02821627 03003730 1.0 0.9759878789277779
09295338 14234074 1.0 0.11226830023757439
05030680 05616246 1.0 -0.5216158930977284
04727694 07082819 1.0 0.5440505221114647
02884011 02884225 1.0 2.074863761200685
06208751 06783265 1.0 -0.27626373143559046
06200617 07500414 1.0 0.750280848751893
05820620 07308889 1.0 1.441677438335629
04757522 07193596 1.0 0.24946985132607513
08165455 10069645 1.0 -0.11831454245164608
15135996 15136147 1.0 3.0771973206600136
05016171 11466043 1.0 1.5442301019112556
05819149 09178999 1.0 0.7983472932438489
02728440 02756098 1.0 1.491526785484213
08274443 08274718 1.0 1.0247515617077367
01084637 01085337 1.0 0.8319378267224566
04635104 14006945 1.0 0.8785160880703979
05943066 13929852 1.0 1.0771629479976979
10348365 10546428 1.0 0.5233209337691156
01241767 06740183 1.0 0.3497031835822406
02735688 05221895 1.0 0.9438522467447166
08241798 08251877 1.0 1.1511726839631544
00093483 00819024 1.0 0.44078815114913295
00940043 07039056 1.0 1.3137916048460638
07301543 07302542 1.0 0.8247483045378958
04913839 07545415 1.0 0.4716654296055156
00403911 04694090 1.0 -0.07063097363349624
13925752 13927383 1.0 2.9235858656525204
07109196 07110457 1.0 0.8223123677520165
01172252 07338552 1.0 -0.5736444012740511
07169480 09909760 1.0 -0.860249794357165
01129920 14515633 1.0 -0.3950562540542335
07416714 14033185 1.0 0.4146352351474698
08214832 08216795 1.0 0.7385055411698118
01061945 06729864 1.0 1.6163337424325135
02797692 04038440 1.0 2.9892630667292535
06798750 07270179 1.0 1.512414203399074
02440250 05564590 1.0 0.5015313308041687
00802238 08644213 1.0 -0.5682769417192342
05190804 05616246 1.0 0.4110056953762411
00047745 06490173 1.0 0.09423542630419246
05099389 13774404 1.0 0.643187359317239
05855004 13943968 1.0 0.9998315261846468
05010627 11503060 1.0 0.8296822421302883
06891022 07167415 1.0 1.6815120919626922
05696425 10648237 1.0 0.30671994312845885
00280586 11425088 1.0 -1.4886985669596235
02828884 02829116 1.0 0.9717139674618692
05650579 05853636 1.0 0.5312404877836199
05984182 07289831 1.0 -0.02022918358026149
00280586 07309781 1.0 1.481166425557772
05833022 05983801 1.0 0.45589833776673006
04464211 06612865 1.0 -1.3330739780098542
00104409 07441619 1.0 0.3678531370554181
00201671 00315986 1.0 2.0338909026708434
00180413 13932421 1.0 -0.16892779365848876
08077711 08264897 1.0 -0.07917211647048439
01083077 01112885 1.0 0.9479169254800981
05895723 06769392 1.0 0.6011464096412835
06400271 07044917 1.0 1.4739068713431864
08403787 10055847 1.0 0.07611647532525434
09335240 14842992 1.0 0.5359633364562255
05924920 07260623 1.0 1.1875814404586236
03398467 08626080 1.0 0.25704567138295187
01208597 05155123 1.0 1.4426948255003058
04588365 04589745 1.0 0.22936697290649177
07312221 11439031 1.0 0.6468254880893287
00088481 00775286 1.0 1.4034533472945432
00521562 07167415 1.0 1.1327555863701186
01055688 09417097 1.0 -1.0350722136044355
00260622 00800940 1.0 0.8193663599244463
01076046 07365849 1.0 0.8583109058784053
07353376 15267536 1.0 0.1821229267814959
05766247 05928513 1.0 0.9977373254911753
05819149 06740402 1.0 0.5691542619132328
06529219 07279687 1.0 0.6081566210012377
00097504 13525549 1.0 0.15238261336183245
01049266 02944459 1.0 0.08795856736729468
00363260 05108947 1.0 1.340105327390714
05846054 06788897 1.0 -0.3179866183896154
04617289 05671325 1.0 0.9276961755593508
08214272 08264897 1.0 0.5477891476367978
00453731 09334396 1.0 -0.375034516794706
06739990 06740402 1.0 2.1142962549071553
04588587 04589745 1.0 -0.28360309314198107
13736799 15257829 1.0 -0.34491760099974433
04101232 13875970 1.0 0.7803473702612733
05874232 07259772 1.0 0.8888225241409831
08512736 08565701 1.0 3.0663878982741837
08660934 10470460 1.0 0.301969710826703
04676064 07270179 1.0 0.9153923995218479
07053089 08507381 1.0 -1.2051202771604936
09840217 10461424 1.0 0.2853885547874946
06747670 07212612 1.0 0.5695844496683373
00547616 07376937 1.0 1.2737443831436062
07167415 07217349 1.0 0.9773865359350358
09444100 09444783 1.0 1.7184037492396071
00196485 01166258 1.0 1.6455971806834027
06483454 13945919 1.0 -0.5151561896734727
05781541 05838176 1.0 0.6582319802443093
08184861 09887850 1.0 0.39275816195470115
00049003 07370125 1.0 1.056580297224452
07356676 13497135 1.0 1.9652956616556208
04638175 13932421 1.0 0.470976241783003
03179318 05902327 1.0 0.9362274154020921
00063014 06490173 1.0 -1.1930046082356571
01085098 13265425 1.0 -0.041679529344599286
09335240 14844693 1.0 1.417508591776342
04981139 05718254 1.0 1.6291164202603663
03323593 05750657 1.0 0.11207806721329816
03932499 07309457 1.0 0.8362305349361308
09474895 13574193 1.0 -0.2896681387205451
04674715 14526182 1.0 1.3314005563823588
05697976 13929852 1.0 -0.5638743638722126
06793426 07250339 1.0 0.5819670144570033
00124880 07339329 1.0 1.3022294749139651
06685754 13416345 1.0 0.08171050800734858
01055688 08507381 1.0 -0.398442265364948
15159583 15159819 1.0 3.1010243177489336
00043195 05808218 1.0 0.9396126441582825
13390626 13694367 1.0 1.3444103038055661
00383952 09379111 1.0 -0.08897991016423146
01218593 07229111 1.0 -0.2205430468002656
03988170 07257815 1.0 0.2364004864385374
08274354 08274565 1.0 0.3707797239289723
07369604 13427078 1.0 -0.6292556034935926
00172710 04928903 1.0 0.7029500824865211
13387479 13388111 1.0 1.6312366681079828
06482401 06795746 1.0 -0.02679655444367346
05611302 05618849 1.0 0.6079783272294681
05671325 07289831 1.0 0.517788760105923
04394261 07262108 1.0 0.9783612162919413
05687338 14410605 1.0 1.4913055680352754
10522035 10638385 1.0 2.227995316472779
04681387 07270179 1.0 -0.7719223722861259
01232684 01232842 1.0 2.240036409245292
04321534 04322387 1.0 -0.8395451210583982
05944958 06195839 1.0 0.21991163291225502
07302836 13480848 1.0 0.8237164160215824
08274565 08274718 1.0 0.2895349970363703
05868477 07291794 1.0 1.1374165987282758
05785067 05796423 1.0 1.7872740360296668
08307589 08310389 1.0 1.5974533050271154
08368907 08369406 1.0 0.901981900204556
00349369 07351195 1.0 0.6752606028510673
01170813 07181935 1.0 1.478883042674903
00167278 11409538 1.0 -1.4660660531979333
13327503 14488912 1.0 -1.1503658263701317
00363260 13754293 1.0 1.3000632409932504
11412727 13859043 1.0 0.9894152741103109
00893243 07240549 1.0 1.0980865704320089
05750163 06197664 1.0 -0.10026884905033673
01009871 08456993 1.0 1.1749095806840117
04895246 13929852 1.0 0.9242000573164801
00929718 00939452 1.0 1.4631927216250407
04945057 07484265 1.0 1.5258717815124772
00385791 00397953 1.0 1.342742011938757
10671736 10680153 1.0 1.3475327459159547
04658106 13980288 1.0 1.0377062633349732
00637354 00644366 1.0 1.6494985436693168
08401248 11415721 1.0 0.2926483600494889
06681551 07221094 1.0 0.9353086904031119
00157081 11414608 1.0 1.0797607975434205
05225602 05726345 1.0 0.3304861156666761
00330160 15282696 1.0 0.9346435647025017
10407954 10466198 1.0 1.2869959772762667
00869583 13524925 1.0 -0.10829275890355738
13246662 13250048 1.0 3.103030161817662
03216828 03933529 1.0 1.7031638651442356
02902250 13902336 1.0 0.20607516309340768
00167063 01109467 1.0 -0.8690098084105577
07495973 14531392 1.0 0.4630768282454756
08184861 13929588 1.0 0.7370066643531965
05981230 05982152 1.0 2.7421287235464233
05142641 13296899 1.0 -0.3287393475510454
05898568 06501311 1.0 0.8964367864241355
05891572 05905348 1.0 1.3732471514004456
06738281 07232421 1.0 0.3384155755392675
13761407 14082186 1.0 -0.9307377170726738
00042541 07320622 1.0 1.2857610908889363
06891022 07217349 1.0 -0.09699958984042278
08226335 08524735 1.0 0.10684162652995366
01140471 07169480 1.0 0.17455360581654067
03959701 09425607 1.0 0.006314382457806245
07935504 14845743 1.0 1.0000000389825174
00196084 07443761 1.0 0.5789239162944697
00037396 01181902 1.0 0.04578527325984494
00610222 06254669 1.0 -1.4588027792948677
05792010 05888929 1.0 0.9517803508732589
06526291 08060694 1.0 0.3810874815132983
07324673 13497135 1.0 0.65194959825794
02785191 03533972 1.0 0.7669862657529507
03004146 08318904 1.0 -0.31422994300320983
05162985 14493426 1.0 -0.05767570230649288
07493280 14445749 1.0 1.3910540730127514
00279835 07309781 1.0 2.1554677901981827
05920791 06601327 1.0 1.7043199647104599
05870916 06161718 1.0 -0.11046673495933335
05616246 13945102 1.0 0.0927078569883808
05916739 05945642 1.0 2.2544985372164557
00213694 06552814 1.0 -0.8585978119510598
01085098 13285176 1.0 0.9974822438608869
00364260 05110408 1.0 1.3255941597332248
07053089 09417097 1.0 -1.4486717226080343
04321534 13367070 1.0 0.06285003512873555
00900726 03987079 1.0 -0.46472366913182217
06523641 13344804 1.0 1.7809980726080912
06514093 06681551 1.0 1.6313138801266498
00787465 01089778 1.0 0.9999625689474113
02991302 02991555 1.0 2.355957784378497
07176804 13971065 1.0 0.16885591008985767
05110185 05110408 1.0 3.3477664795490236
13482330 14005892 1.0 -0.4359098076380885
07291312 07353376 1.0 1.7197632636934723
03416329 09249034 1.0 -0.24581194377894766
02122298 02122948 1.0 0.6142781033567799
13898899 13899200 1.0 2.383812498554515
04917870 05849789 1.0 -0.5304412195718768
01110274 06771159 1.0 0.493598814714866
10055847 10379620 1.0 0.5146571891328786
04463679 04463983 1.0 2.2076593379353344
00945401 05770058 1.0 -0.2104498916969546
07514520 13977732 1.0 0.5907744986235626
03892891 13809207 1.0 1.2950523991394922
01160342 05164845 1.0 0.3332714721975365
01168569 13837009 1.0 1.2496544756487786
00124880 14419510 1.0 0.3792978442712689
06254475 08568142 1.0 -1.214793522185242
05789089 07177924 1.0 0.10620200259506629
07881800 07885223 1.0 2.237441434353328
13358549 13367070 1.0 0.9997934921781865
05901508 06656408 1.0 2.1260241155236637
06723908 13943968 1.0 1.207480003071673
04513686 06903255 1.0 1.6391178453288775
08481369 13369857 1.0 0.17653447393210042
05836598 05919549 1.0 1.8209284194482809
08400452 08400772 1.0 1.7134858973144411
05692910 11414608 1.0 1.590238926618433
00088481 00166702 1.0 0.6031209870665839
08213205 08219330 1.0 2.559846272604699
03932203 07654667 1.0 0.6659432828937599
05671325 05984182 1.0 -0.35408066016081285
05029706 05035353 1.0 1.449543633376448
02958343 03699975 1.0 -0.08310618201321973
00622068 00788973 1.0 1.2412964859360753
06652878 07168623 1.0 0.21315711552540617
06786629 07169480 1.0 0.0460645611153121
04314914 06859056 -1.0 -1.5165520261338203
01140471 14009274 -1.0 -0.3411428006938979
04227144 05996646 -1.0 -1.241253165726817
00100543 05928513 -1.0 0.5925327156066382
00352331 00387657 -1.0 0.25673099352947193
05650820 07109196 -1.0 1.7354232980749145
07087641 07415730 -1.0 -0.5826366547345612
09816771 09945905 -1.0 1.6990053280472703
00836537 04586932 -1.0 -1.3911197676384939
05068918 05110185 -1.0 -0.05217490709847428
01093085 02994858 -1.0 -1.5822620839911972
07946851 10098710 -1.0 0.6232232611763515
00838816 14287408 -1.0 -0.34214152188272706
06815714 13905405 -1.0 -1.340272928554683
00180228 04861486 -1.0 0.13148903702522508
03152619 03152743 -1.0 0.734577303133032
01076046 14010927 -1.0 0.6847255635972227
00869583 05701363 -1.0 -0.8919103189580047
03704210 08063303 -1.0 0.1156458201096211
02787772 13368318 -1.0 -0.7784085792364088
00061917 05807540 -1.0 0.467160273278197
05793554 08406486 -1.0 -1.1336530290406328
04101232 07441619 -1.0 -1.192296160977366
05750948 06618234 -1.0 -1.51405893098788
03939281 10433164 -1.0 -1.4549244488605133
06783768 07162059 -1.0 -0.371934919142598
06795967 09909060 -1.0 -0.5869289532656925
00359238 14429885 -1.0 -1.533394689541335
00959376 13981137 -1.0 -0.37673280000126086
00343249 07423365 -1.0 -0.7551704439137108
07985628 13771290 -1.0 -0.9666828524640163
05868954 13934465 -1.0 -0.3023509974185976
01110274 13774404 -1.0 -0.9679460272795399
06731186 07236077 -1.0 0.48191749390325334
05790242 13563746 -1.0 -1.1207295215926876
01887474 08101937 -1.0 -1.639418157106499
13595094 14082303 -1.0 -1.4740682166585528
01084637 15100257 -1.0 -1.5450707864333064
05846932 06731802 -1.0 1.272855318080604
00213694 04073425 -1.0 -1.830890115416055
00049003 07167578 -1.0 -0.686169835070134
00167063 07134706 -1.0 -1.3621499282762652
02973017 03044166 -1.0 -1.063685121140471
07405893 13513747 -1.0 -0.20826661852039274
07033753 08180190 -1.0 -0.9080360755196644
05064037 05930736 -1.0 1.4908280365560274
07578363 13285176 -1.0 0.1703757130905541
01057053 04301000 -1.0 -1.325702226545813
04322387 08101937 -1.0 -1.6649313215650503
04078574 04078747 -1.0 0.32400092613289977
08464601 11460488 -1.0 -0.6174918711016413
03177349 04076713 -1.0 -0.12937970897582973
07999699 15256417 -1.0 0.18051317507112397
07171206 14563784 -1.0 0.06523555893362487
03135152 14477667 -1.0 -0.6452299702477444
08120910 14539268 -1.0 0.14535936602148802
06483454 06783265 -1.0 -0.6632682789041615
05181199 06729864 -1.0 0.6331096018370843
05868954 08568579 -1.0 -1.3485999953918824
01208460 05564590 -1.0 -1.3944099865519375
04165945 06685754 -1.0 -1.7625756469883163
00571444 06721461 -1.0 -0.7346927087395358
00803617 03096960 -1.0 -0.19893490037701467
00163779 00164345 -1.0 1.1297061509743145
07111047 09446115 -1.0 -1.141326312081365
03387323 05986594 -1.0 -0.8117213986530945
06410776 07185668 -1.0 -1.441383494550157
00216038 13467916 -1.0 0.510718245486572
00042541 00106272 -1.0 -0.4171893765079471
00066397 14059663 -1.0 -1.1762744902583364
08168978 08556491 -1.0 -0.6825634279168802
08569777 11456760 -1.0 -0.3957300953292817
07208338 07246742 -1.0 1.8168802078212705
00345454 07432973 -1.0 -0.9858609728273859
05436752 07327805 -1.0 -0.05889947116112215
05867413 09428741 -1.0 -1.0537949634412533
05781541 07177622 -1.0 -1.0170927446472509
04227144 07218470 -1.0 -1.0384022159612747
07577374 07579076 -1.0 -0.01517887733852219
04409279 07165086 -1.0 -1.6641748823720022
06828389 09762509 -1.0 -1.4376474137529809
07030718 08630039 -1.0 -1.182868139602788
03599761 06436939 -1.0 -1.2915601218590091
00067254 00565809 -1.0 -0.4534986514515351
08190482 10055847 -1.0 2.40532522371899
00819024 13540610 -1.0 -0.18708608613357702
09897350 14727153 -1.0 -0.7162252003459364
03545150 08685677 -1.0 -1.0878053986282037
13765624 14408951 -1.0 -0.4241155596870234
00797581 07161912 -1.0 -0.943856077243963
07565259 15101854 -1.0 -1.1993801771472037
00787727 14562960 -1.0 -0.7142970487914893
00415226 05750657 -1.0 0.9392695267059791
00289659 01245813 -1.0 -0.49539468304335355
00747029 04853873 -1.0 0.695284996161617
01887474 13417071 -1.0 -1.7808608118791707
05827509 07350754 -1.0 -0.6092478499266183
01256417 08381436 -1.0 0.6373693323393264
07085375 14376188 -1.0 -0.7309407829222261
08464601 08573674 -1.0 -0.31899617784373824
06207199 14438125 -1.0 1.2865674039665322
00971463 01215902 -1.0 1.585591775737024
00586262 13945919 -1.0 1.4474969516296827
05157143 06270879 -1.0 -1.0226132855112513
02883344 14408951 -1.0 0.032611539171116144
03870980 13775093 -1.0 -1.6408770336960838
09897603 14727153 -1.0 -1.3108717944475727
00521209 03210940 -1.0 -1.144697231101802
00120202 04288272 -1.0 -0.8603525784892514
06478988 08402442 -1.0 -0.7225941975035068
08572335 14182697 -1.0 1.8377080104742713
03730655 05582191 -1.0 -1.332905494811678
00453731 13250048 -1.0 -0.36320402310734234
01134037 06150633 -1.0 1.121562604438617
00385791 08213205 -1.0 -0.12177418814736996
00835501 07338681 -1.0 -0.9590907682473717
07965937 08179689 -1.0 1.6937515992180403
08477634 10787470 -1.0 -0.6388660546096916
00362258 00980779 -1.0 -0.9143215601926369
05846054 05913538 -1.0 1.6281318111505363
05870916 05872982 -1.0 0.3716475483029269
01060234 13260190 -1.0 -0.9745353963234864
03651265 06271192 -1.0 -0.9580740705540749
00067254 00387657 -1.0 0.21466657532228584
06529219 13950812 -1.0 -0.9630275276211315
04141838 06856568 -1.0 -1.5631846122913817
00567044 04835724 -1.0 -1.493235746766885
00829378 06561942 -1.0 -0.7659543777342437
00830448 13827205 -1.0 0.5611528527167449
05204982 07498614 -1.0 0.3577632703240774
00958896 13980845 -1.0 1.6676962685108534
00341243 05125377 -1.0 -0.6952995613825781
03290771 07370125 -1.0 -0.6414806772266131
06713930 07109196 -1.0 1.2292426360200368
00787727 10056398 -1.0 -1.1313007995677835
07380144 07477945 -1.0 -0.0791871902727459
06652878 08106934 -1.0 -0.5885798557991735
07262108 10470460 -1.0 -0.14050878075338247
00846021 10149867 -1.0 -1.3898038350903752
05852973 10176679 -1.0 -1.6934517711096833
02833576 06608277 -1.0 -1.0675121165577233
05091527 05816287 -1.0 0.2698071510142068
05099389 09348055 -1.0 0.36514531839939135
07327805 13733402 -1.0 -0.4075672739435561
11412727 13387689 -1.0 -0.7473103161901693
04315185 06859056 -1.0 -1.6530132411118204
00815320 13827426 -1.0 -0.2702783669028128
00501080 13369857 -1.0 -1.6003700669467542
00674158 03664514 -1.0 -0.833626563165883
07185870 07486229 -1.0 1.6436221344816473
07173389 10255207 -1.0 -1.1460984428933703
01127379 06554078 -1.0 0.5431761758296958
10341660 10638922 -1.0 -0.6253356336444025
00554850 14403282 -1.0 -0.6889358745659617
10467395 10468962 -1.0 1.1344358170398192
05983654 06544142 -1.0 -0.4941039948688939
05791602 07185870 -1.0 1.1885434486888702
07279285 07409592 -1.0 0.012973602574448462
04313771 13129165 -1.0 -1.195742724799938
07359599 09278537 -1.0 -0.37035163942486093
15206296 15209413 -1.0 2.185813283463387
00318186 00586262 -1.0 -1.1208817705111156
05986594 08406486 -1.0 -1.1505028676168072
05197232 05806623 -1.0 -0.0016497547479945585
00216174 13549672 -1.0 -0.8819159523641154
00729919 00947128 -1.0 -0.8107399972320364
04766620 13933221 -1.0 1.074405622181872
00191142 13388111 -1.0 -1.4955943798874038
00088481 13442715 -1.0 -0.33983590592273405
04692908 09243906 -1.0 -0.33042835875913923
01267588 05795654 -1.0 0.223334147122072
07423365 13877918 -1.0 -0.7878329627497651
07662156 07884266 -1.0 -0.10511977326702016
07010541 07136206 -1.0 0.6302007499147753
00440039 04464418 -1.0 -1.2766475377822135
08101410 13130305 -1.0 -1.0388748557121192
08654360 14515633 -1.0 -0.4057948606123727
02970100 11501230 -1.0 -1.7412304156489435
01113595 03006105 -1.0 -0.7394614066421341
14478433 14478684 -1.0 0.8612871474174415
01168569 07456188 -1.0 1.809736481039642
04587648 15299783 -1.0 -1.3207688824623705
04073208 06747484 -1.0 0.016972117188080338
04315185 06645039 -1.0 -0.8745630041939627
08438067 13497135 -1.0 -0.3471693899335153
14406573 14531392 -1.0 -0.2803201879562689
07208930 14055408 -1.0 -0.6103696012557083
00359614 04250026 -1.0 0.828501612299873
06392001 09428741 -1.0 -0.9658240654165038
01172252 07298982 -1.0 -0.222241434368184
06624161 07173389 -1.0 -1.0659886894991915
00125436 04391158 -1.0 -1.6302349562194758
00210518 07353376 -1.0 -0.5793338656502507
08514034 08521816 -1.0 0.30326465113346424
08005260 08551628 -1.0 -0.7758359246117266
10372076 10372373 -1.0 1.1125277712861492
04694441 13761407 -1.0 -0.36177443664621034
04286128 07271942 -1.0 -1.713764608939305
04675314 14311348 -1.0 -0.15299966124987252
07420435 13480848 -1.0 -0.35729528843178215
02786984 04300741 -1.0 -1.3753332020686457
07305234 14477342 -1.0 1.5602637046781689
02687992 08506641 -1.0 -0.11159794936812273
00489475 03152619 -1.0 -1.8849530483757135
00213694 07333649 -1.0 0.5268660753121803
11415721 13163250 -1.0 0.3051307323570678
04119892 07884266 -1.0 -1.6950142282064564
13937727 14706372 -1.0 -0.19913455113008327
05837957 10708292 -1.0 -0.6895298498806142
08404188 13854649 -1.0 0.15354301292695505
00501080 09397391 -1.0 -1.5596318091412633
06794666 06817782 -1.0 1.3235438462510933
00787465 05867413 -1.0 -0.6023369355437049
05149325 08252467 -1.0 -0.9656953442146374
00584769 10222949 -1.0 -1.318789844673467
01085337 15102622 -1.0 -1.5643854936163963
04661151 07142365 -1.0 0.41341170056441956
00522736 13758745 -1.0 -0.2907766018165763
05436752 13593219 -1.0 -1.2477051122062677
00063014 03924069 -1.0 -1.031819323420768
00144632 13595094 -1.0 -0.8962138010966441
08208016 10461424 -1.0 -0.09860936025623235
03728437 07988857 -1.0 -1.512819371040957
05663671 08050678 -1.0 0.807967011718921
02853449 02982790 -1.0 -0.5390135624318133
00559916 04085017 -1.0 -1.0521308443472495
01225997 06721461 -1.0 -0.23170127289210862
05755883 05784242 -1.0 -0.10663269464291392
03536348 13939892 -1.0 -0.8306603721516916
07429276 07962707 -1.0 -1.2144582760630773
05637965 13654093 -1.0 -0.8094685935425399
07053089 07884266 -1.0 -1.427558900436357
00755863 13828343 -1.0 -1.253257775191234
10379620 13828905 -1.0 -0.4075212024825605
06683784 13344664 -1.0 -0.34904214570485115
06561942 09185612 -1.0 -1.4101446652197325
04390977 07388987 -1.0 -1.509347278201981
05158095 05791452 -1.0 -0.27227449541055204
03458753 03997027 -1.0 0.30612022115951043
00874067 01187810 -1.0 1.9601207058047583
05868954 13593219 -1.0 -0.7035011054754623
08057633 14727153 -1.0 -1.1100486975575898
00129743 04809642 -1.0 -1.6163874393168691
00051192 01234729 -1.0 0.8755130470459147
05832745 06604066 -1.0 -1.0393039434258595
01225997 14429885 -1.0 -1.5579414078046154
00002452 06723908 -1.0 -0.872251117180963
00970645 08402442 -1.0 -0.2611084642942427
05868051 07290905 -1.0 1.391666600034222
03376159 13482940 -1.0 -1.5303430746977482
03065708 03066130 -1.0 0.38898852633752745
00801125 01236296 -1.0 0.10856110175752032
02853449 05645199 -1.0 -1.4065562039618782
01974055 07955566 -1.0 -1.3658941500322537
00153809 00180228 -1.0 -0.1695796315834035
02898711 02899694 -1.0 -0.1696140060141511
04524313 15112086 -1.0 -1.0548297059910272
06396142 15252907 -1.0 -0.6046520741011476
01177033 07210553 -1.0 0.9526055313946837
00349369 10664850 -1.0 -0.7522192117930344
00829378 09909760 -1.0 0.592867070801856
03152743 06428216 -1.0 -1.6088967392512283
01127874 13344071 -1.0 -0.31973078882991635
05785508 06880249 -1.0 1.0099092942287888
03243218 04835724 -1.0 -1.3257063129101776
00815320 06197215 -1.0 -0.0330663116960066
04600486 08328700 -1.0 -1.5543017289912444
00788973 00953559 -1.0 1.5217886150743147
03431745 07294777 -1.0 -1.5561708416874542
04286128 04682462 -1.0 0.14755929254630273
06815714 07549536 -1.0 -1.4672554898753059
06373747 15291199 -1.0 1.555496511300619
07523905 14374432 -1.0 1.0133788758130566
01106460 06265475 -1.0 -0.18113385729941323
00960851 08438384 -1.0 -1.0357081464991746
00385791 08220714 -1.0 -0.11537231927269587
01219551 07295629 -1.0 0.3351448716505261
05674584 08240169 -1.0 -1.010239344134893
07765073 15160579 -1.0 -1.3468122107779794
05170574 05920791 -1.0 0.4711793706209042
08404549 13809920 -1.0 -0.9212486916241915
05190804 10461424 -1.0 1.4335538847039822
00201058 07310642 -1.0 -0.28152922502937106
05655119 07279285 -1.0 -0.6977100577083286
05750163 05844105 -1.0 1.0256555473550661
05642553 05722427 -1.0 -0.9241973969228257
03827107 09984659 -1.0 -0.46049731746590217
05603342 13902048 -1.0 -0.10985506415703061
00223720 00395503 -1.0 -0.9849777488645435
00216174 01264447 -1.0 0.3663631846824156
07885223 09270508 -1.0 -0.13694438971212408
01140471 08324514 -1.0 -1.1291461960212867
00324384 00364260 -1.0 -0.08214559938504284
04175147 07683138 -1.0 -1.4477386962357088
07497122 14298815 -1.0 0.012691509487009034
00928077 05982152 -1.0 -0.9346972674934251
01173660 04371774 -1.0 -1.4639065154343571
00240184 07217349 -1.0 -0.3629292450274546
05730930 09762509 -1.0 -1.517501179737875
04417809 08685677 -1.0 -1.1104790603731658
05803938 06782680 -1.0 0.2647515118325321
10194566 10378952 -1.0 -0.7146300325708754
13596422 13893129 -1.0 -1.1495820418547074
08648153 13613504 -1.0 -1.4123863247490935
05933246 09890749 -1.0 -1.377982563300458
01124794 06148148 -1.0 0.10636865576815713
00095502 06747484 -1.0 0.2516636983037983
00922327 00941974 -1.0 0.5029003002565247
03509025 04628192 -1.0 -0.6604242008582322
00309115 06400271 -1.0 -0.9595500797010184
09777353 10373801 -1.0 1.0447385492164394
01113595 13893786 -1.0 -0.5773749848912706
00289659 07389330 -1.0 -0.9851224918088022
00309276 00316594 -1.0 -0.7500068639942814
04141838 13816862 -1.0 -1.2195631166285157
07966719 08648658 -1.0 -0.26323320276349227
12746106 13883494 -1.0 -1.6614109118532863
01173038 03066743 -1.0 -1.8180644747670551
10378952 13786413 -1.0 -1.3630561338843865
00348312 00554850 -1.0 0.12377335563213099
04863969 07293546 -1.0 -1.3223838870131912
05702726 06206800 -1.0 1.228096623508879
05791452 06200344 -1.0 -0.07829371879148495
05844105 07066659 -1.0 0.10400619074815065
13387689 13859043 -1.0 -0.6157332057918623
07447261 15245829 -1.0 -0.06398790365134999
00162632 06398401 -1.0 0.013180076196219082
00133338 05734381 -1.0 -1.6581905441448326
06333653 14438788 -1.0 -0.5806896966888679
02964634 13999663 -1.0 -1.523300376056262
00088725 02982790 -1.0 -1.2586250938216432
05068918 05110408 -1.0 -1.074009917062042
00325110 09359803 -1.0 0.1124950092364172
02899439 02899808 -1.0 -0.8675740379715924
00161243 05790944 -1.0 0.9254130802029868
05038593 05704266 -1.0 -0.4853320192541557
02840619 09830194 -1.0 -1.3255067964145728
07208708 14055408 -1.0 -0.8706593264849936
05789089 11505769 -1.0 -1.493163153928247
07143624 07196075 -1.0 0.3197764432127337
00497536 03233246 -1.0 0.19681292416532226
04677514 08111157 -1.0 -0.8107107638113438
06532330 08441203 -1.0 2.1569663661403236
00873381 05771836 -1.0 0.10149577694421708
00566298 13260190 -1.0 -1.6155235114490227
07208565 13932948 -1.0 -0.5059462769057226
03013438 08218393 -1.0 -1.790108491713852
00161243 04598965 -1.0 -1.4771063303091156
00573530 07712559 -1.0 -1.961196468751611
00489475 13289159 -1.0 -0.8670417344048884
05820170 06206800 -1.0 1.503410338955109
04238128 06857264 -1.0 -1.2963522138753318
03384535 14480065 -1.0 -0.6777839802681953
04037873 07967982 -1.0 -1.4816357301577883
00082525 13381602 -1.0 0.19665294665293653
06778102 06878404 -1.0 1.2661028504289185
00101003 00343249 -1.0 -1.0376497852588402
08216900 13613504 -1.0 -1.3679469124961372
05852973 07956887 -1.0 -1.2357373497979993
03717921 05930736 -1.0 -1.4726301091095158
04019696 11498040 -1.0 -0.7926317291868274
07423365 13869327 -1.0 -0.4114585881398831
00090253 06630852 -1.0 0.1405986398182153
05082790 05853636 -1.0 -0.9824265084288126
04761960 06802880 -1.0 -0.4053519355393629
13396276 14449960 -1.0 0.029994959852591707
03651084 10648696 -1.0 -1.625230783406125
00282485 04836683 -1.0 -1.0797144317735619
00386915 00489475 -1.0 1.2880906641139107
00163779 00730247 -1.0 0.3173158858514087
00737070 04796291 -1.0 -0.3180668232597008
10671042 13759773 -1.0 -1.2699043306528823
00725506 03965456 -1.0 -1.9061252023577264
06210363 08653706 -1.0 0.24872011674145678
04092959 07391863 -1.0 -1.685476754619459
06269396 07309457 -1.0 -0.7999133826629765
10467395 10468750 -1.0 0.23564506652870154
08238660 15203791 -1.0 -0.5218478507648379
03281145 11422277 -1.0 -0.8904904817534396
05921123 13331198 -1.0 -0.5233715730255266
06619065 06879521 -1.0 -0.85917062654757
00893836 04881623 -1.0 0.7404795116852261
03253398 05250659 -1.0 -0.41293867662917716
00039297 09960117 -1.0 -0.5832370368466351
00171249 03185746 -1.0 -1.5723896235655528
00586262 04682462 -1.0 -1.3559518502721546
00563665 03929202 -1.0 -1.8505819080260721
07289358 07557165 -1.0 -0.07428891052279041
07747455 08239152 -1.0 -1.5520053647510021
06720964 10344443 -1.0 -1.3791756182239587
00414179 05149978 -1.0 -0.26173501799393284
00965404 05194578 -1.0 -0.3185994158292642
04118776 06652064 -1.0 -1.3708427449144125
09897696 10283037 -1.0 0.19832609647494137
01228877 06206800 -1.0 1.8816043532944813
05812038 08416523 -1.0 -0.6183393323773716
01160170 13261916 -1.0 0.9940087487822247
04588587 15299783 -1.0 -1.3998499150255466
04465933 13873917 -1.0 -0.4817897015155186
05637965 05852973 -1.0 0.2134728728552162
06197664 07046339 -1.0 -1.1062293067282423
04307419 04307619 -1.0 -0.3610001151080704
03177349 13462191 -1.0 -0.8711420446493117
09504790 14441825 -1.0 -1.287024953427526
07033753 07962124 -1.0 -0.8869479228902581
00406612 07991364 -1.0 -1.1212607621170858
00346693 07475870 -1.0 -0.049386978305008045
02982790 07115914 -1.0 -0.35380667635586116
05010627 06767035 -1.0 0.27409586310226985
05079866 06783265 -1.0 -0.9514718617643285
00765791 01216191 -1.0 0.19696694529529135
04301242 07260623 -1.0 -1.3837506311673429
02998563 04223580 -1.0 0.04411653526995063
05859630 07999068 -1.0 -0.801164749802894
02945379 02945594 -1.0 -1.2541689133565161
00835501 01173038 -1.0 -1.2616217491506934
00108181 03990834 -1.0 -1.7389241740709855
02884225 13765624 -1.0 -1.2927227205179266
06556481 08597727 -1.0 -1.0351038756253348
00624738 07454452 -1.0 -1.1224313430522193
00174412 00533922 -1.0 -0.9926980279678297
00158185 00947128 -1.0 -0.04494741435018579
03431745 08459648 -1.0 -1.546110800797111
00083448 08622201 -1.0 -1.252074805889603
04144782 05983463 -1.0 -1.5874994693888191
05157143 13893129 -1.0 -0.45231063171373664
14474052 14489699 -1.0 0.9004355717529517
03221720 03224032 -1.0 1.9718693268350886
07289014 07372565 -1.0 0.7404318347499446
02853016 08642145 -1.0 0.4789888142387797
03580615 03820154 -1.0 -0.8825078424570618
05687338 06784003 -1.0 0.3432898274804457
00839597 04586932 -1.0 -1.4012121725283433
00870912 08219330 -1.0 -1.6512807159809402
00379422 07545161 -1.0 -1.4406590786049822
13349662 13349834 -1.0 1.1068194259465562
03870546 08240633 -1.0 -1.3030363691485496
04652438 08587174 -1.0 -1.519207620269964
06199702 15256417 -1.0 -1.1310447686614626
00164345 00796586 -1.0 -0.2516809549531973
05157406 15265518 -1.0 -0.1844748217260359
07365849 14010927 -1.0 0.07519720764225313
00309276 04231693 -1.0 -1.736524592351799
06773347 14490564 -1.0 0.7716685811764397
11395466 11395609 -1.0 0.06201229914410633
03814727 11892029 -1.0 -1.5858784392220069
07388816 07389330 -1.0 1.674894374695002
13387479 13859043 -1.0 -0.9846364801076093
04307419 06542267 -1.0 -1.758457801288937
00103834 06711404 -1.0 -0.8838174526127989
00072261 14082186 -1.0 0.2929566830185235
05157143 14643467 -1.0 -0.6974825667365767
05805902 13794034 -1.0 0.16125349096666786
07526338 13416345 -1.0 -1.130397514093028
05463533 08481832 -1.0 -1.4831927422601665
00624738 00894552 -1.0 -0.17678642931622202
03892891 14473222 -1.0 -0.2267760770805669
02821627 08318904 -1.0 -0.635117110561763
06630627 07486229 -1.0 0.43741955152676515
00207761 00315986 -1.0 0.7776117002690832
04841358 07138915 -1.0 -0.9759072584230024
05892651 09367203 -1.0 0.8916471056318992
07366145 08438384 -1.0 -1.036918500556021
05838176 07291312 -1.0 0.08213567606154615
00103834 00572489 -1.0 -0.3516708419119938
06398401 06753030 -1.0 -0.9005188933715287
09185280 11447319 -1.0 -1.2822550085945972
14006945 14531203 -1.0 -0.3504808433063622
06675122 10126177 -1.0 0.306137764147528
07257815 11243720 -1.0 -1.313261248206524
05637965 06403393 -1.0 -0.31587096205644327
11431754 14842703 -1.0 -0.6673421456148558
00309276 03281145 -1.0 -1.1589275731629458
01139636 10344443 -1.0 -1.4973664607489967
03717921 05839024 -1.0 -1.6033853970093461
00349369 00565302 -1.0 0.3171082630912945
00352331 03152743 -1.0 -1.599775188109482
05941210 10418302 -1.0 0.7465645082102801
00240184 05669350 -1.0 -0.863551110472172
07999584 09393605 -1.0 -1.0077834986180965
07585208 13367070 -1.0 -1.2105707627004607
00037396 02677718 -1.0 -0.8942192963177686
00422261 02873244 -1.0 -1.1921907081534613
03982060 08236438 -1.0 -1.2404173101939344
05737153 06646243 -1.0 -0.19127474635394792
00129743 00965404 -1.0 -0.6533655679805124
00523513 10639238 -1.0 -0.6586403672868784
00046522 07164163 -1.0 -0.5411591203234796
02856463 03201208 -1.0 -0.436336022952565
02785191 13875392 -1.0 -1.5795513601263562
05892427 09367203 -1.0 -0.28492049916259
08101937 13127091 -1.0 -1.3639879486709878
00040962 05957428 -1.0 -0.3491690127519722
08592165 13596422 -1.0 -1.2357494968669114
07480356 13943968 -1.0 0.2990423830615916
08238463 14480065 -1.0 -1.5449316850988999
03820474 08434259 -1.0 0.17360048804763584
00882961 14526182 -1.0 0.21842700251066405
00153809 06511874 -1.0 -0.28192542687730393
01052853 04297476 -1.0 -0.6287045533090887
05749619 07578879 -1.0 -0.9754378270433492
00621627 00798245 -1.0 1.0052795547561217
00088725 02982599 -1.0 -1.4130648547269007
03000247 06275634 -1.0 -1.2595840764592565
04118776 14442933 -1.0 -1.497557625397628
07428450 07430211 -1.0 0.32159115225443435
01088168 01209220 -1.0 0.028963998622587583
07286014 08685677 -1.0 -1.3280159003560512
05940302 08573674 -1.0 -0.9592337110007083
03073977 05913842 -1.0 -0.5415980663766451
04588587 09480077 -1.0 -0.7883758430050105
06811625 06876144 -1.0 0.1781252501309425
01176335 07430211 -1.0 0.34972654672434955
00725506 08481832 -1.0 -1.4204410099969982
07003352 09449510 -1.0 -0.9327153890626554
06197215 06650701 -1.0 0.745471012030974
00572489 04835724 -1.0 -1.3429084279141312
02991555 02991711 -1.0 -0.11518549396730893
05707269 14413993 -1.0 0.044892490050562506
07167578 13405296 -1.0 -0.7561897130005955
04589745 09480077 -1.0 -0.06145142133865655
05996646 10666464 -1.0 -1.363176052640791
07164163 07188238 -1.0 -0.9346868377097701
00201058 07358576 -1.0 1.08790467507319
06828818 10255207 -1.0 -0.7282137619141777
05655119 07188238 -1.0 -1.3311157280522528
03604843 06651577 -1.0 -1.641736479443534
03384535 03717921 -1.0 -0.6663618449994373
00803617 05641959 -1.0 -0.5839977741536657
00180413 06193727 -1.0 0.8114782292347966
00610222 10306279 -1.0 -1.6184937103344188
08406486 13790712 -1.0 -0.6132997026018012
01051331 06208751 -1.0 -0.7005270864284192
04467307 09993252 -1.0 -0.9668821445019984
00303849 06618427 -1.0 -0.8067688402766935
05149325 06582403 -1.0 -0.12528760498809
06613056 06763681 -1.0 1.2369569691618763
05996646 08659446 -1.0 -1.2645725332527404
03303965 11410625 -1.0 -0.8199817083903431
06390227 13555775 -1.0 -1.768068291406979
00489475 14287113 -1.0 -0.9962599111613346
07291794 08566028 -1.0 0.01943244813242484
10626722 13558696 -1.0 -0.10580346608365754
03669094 08592494 -1.0 -1.017893710794918
00586262 13761407 -1.0 -1.1915342151116088
03094159 07279285 -1.0 -1.4852707367020916
04341686 07173959 -1.0 -1.060976016732866
00823316 13344071 -1.0 -1.2892062578568444
00359238 01225997 -1.0 0.0280936696350802
05206445 05690091 -1.0 -0.629179040016012
06750804 07161912 -1.0 -0.35339785778432775
02838958 06536853 -1.0 -1.5369496601511754
00610222 08568142 -1.0 -0.637924514227548
01127379 01163779 -1.0 0.3413394661344398
00947128 05149325 -1.0 0.25126054354335925
03658858 05131902 -1.0 -0.7795166119449224
03814727 14438541 -1.0 -1.8645984585574764
03965456 07602650 -1.0 -1.5254203510842737
08216900 09428741 -1.0 -1.4848787088296813
03895293 06400271 -1.0 -0.3825644189485584
08565894 10056398 -1.0 -0.4543014979633897
06730780 13400798 -1.0 -0.9769314021862181
00417859 10643584 -1.0 -1.0227053501078402
10631941 10632576 -1.0 1.576800226394445
04928903 07066659 -1.0 1.3426796588686076
03358172 05808442 -1.0 -1.69840586642957
07218470 10666464 -1.0 -1.3498329877098225
00158996 05771679 -1.0 0.5743833634583364
11501230 14727153 -1.0 -0.6601793383414614
04322387 13127091 -1.0 -0.8586690129210757
00116376 09206985 -1.0 -0.9385442646123674
00154433 00971463 -1.0 -0.2865777383549264
07330007 09504915 -1.0 2.321511778268614
01056411 02853449 -1.0 -1.4651205972696935
00837675 11504898 -1.0 -1.2133677929706193
03134496 03134595 -1.0 -0.9717048989447288
07317764 14059663 -1.0 -0.8593337729892894
03343853 03838535 -1.0 -1.1422713513191178
00731222 08403225 -1.0 -0.14610983229420027
07988857 13596673 -1.0 -0.5001646416497572
00551407 07250339 -1.0 -1.4247125525118083
04037625 04463510 -1.0 -0.4433694372177164
08061042 08401554 -1.0 -0.18389198565944875
11669335 11669921 -1.0 1.6268912951331225
03384535 04677514 -1.0 -0.8057090012112811
04682462 06396644 -1.0 -1.016237426927797
07143624 08221897 -1.0 0.22061322566266361
07999471 08506641 -1.0 -1.429912317504622
03939281 05938400 -1.0 -1.7732016899436251
08214832 08648153 -1.0 -1.4531178906187852
05456456 13614679 -1.0 -1.648433379615739
00345641 05259512 -1.0 -0.9821882234715908
04966240 05141492 -1.0 -1.1234263664850426
07302836 07420435 -1.0 0.6978240413195629
00397953 08213205 -1.0 -1.236832460403332
04099175 04232902 -1.0 -0.6588745121365722
07420770 14285662 -1.0 0.2842615507089523
04409279 13374008 -1.0 -1.7414442551050158
08005580 09393605 -1.0 -1.0318602666551069
00287142 05003090 -1.0 0.41832792205134317
00103834 04835724 -1.0 -0.799286543367034
07765073 08385009 -1.0 -1.4438103711765446
11453016 13945102 -1.0 -1.0063327673917244
03967942 07579399 -1.0 -0.8701173144548946
03716327 15246353 -1.0 -1.7343891965315006
01088168 07357101 -1.0 -1.1521402122058588
01170962 07184391 -1.0 0.46853059777294503
03932499 06269396 -1.0 -0.00346647580724202
00432164 08381296 -1.0 -1.273631395457858
06199702 07996689 -1.0 -0.5158505528206323
08570758 08659446 -1.0 0.7117534149001232
07202579 14620066 -1.0 -0.8143504429187369
06254669 14899888 -1.0 -1.1252498610291526
03211117 06879521 -1.0 -1.2713408222486127
00170340 07441619 -1.0 -0.32959869593385394
03956922 05906080 -1.0 -0.8904298155961765
00356367 13275288 -1.0 0.47048563726536563
03604843 10648696 -1.0 -1.4453676772032074
07363545 07999699 -1.0 -1.038687886395404
06410776 07212612 -1.0 -1.1853405117332656
06811625 13856574 -1.0 -1.0301530973495643
00226319 14488912 -1.0 -1.4263996080585422
05758059 07285403 -1.0 0.2524361603011547
00030358 07014029 -1.0 -0.9413125161961946
03929660 05790242 -1.0 -1.584016888037406
08240169 09513569 -1.0 -0.6840615671163084
06254475 14899152 -1.0 0.015052109783021406
07267160 08439955 -1.0 -0.6131628595264638
08005580 08569998 -1.0 -1.111308997385255
07420217 11505952 -1.0 -1.3027396258994464
06767035 06880249 -1.0 0.9031637313355305
04931428 05655119 -1.0 -0.5674450573334773
04669247 14515633 -1.0 0.63144830398958
04373894 06794666 -1.0 -1.5784780695056777
06601327 10200531 -1.0 -0.9236277790418099
04930478 05930736 -1.0 -0.34188540929351685
04141838 09425607 -1.0 -1.2010022753243206
07215185 13506727 -1.0 -1.6845664826296742
02853449 06843520 -1.0 -1.5390614062069226
04198797 07298982 -1.0 -0.6547671334350702
07293180 13774404 -1.0 -0.9608635279913704
05307773 07697825 -1.0 -1.6586520219076726
01901213 07066659 -1.0 -1.2038941152433162
05703803 07185668 -1.0 -0.1249422536251572
13127843 13291189 -1.0 -1.5363724077597607
05902327 05982152 -1.0 -0.18228047958835747
08481832 09904321 -1.0 -1.3115512820467528
03373060 03373237 -1.0 -0.9211973145691319
01314145 14727153 -1.0 -0.8470674135986234
09875353 10176679 -1.0 -1.1509620619199397
05611302 05762149 -1.0 0.7300704781577247
05826291 08075847 -1.0 -1.0585483101630535
08213205 08221348 -1.0 0.29607563616104815
03013580 15291801 -1.0 -1.6414165916504762
00678010 08648322 -1.0 -1.7485624704680522
04227144 05784242 -1.0 -1.2997210456319124
04953186 15247110 -1.0 0.16561402269825876
00678010 08214832 -1.0 -1.4314246566944653
04021798 05388805 -1.0 -0.4015915643033159
09767197 10481711 -1.0 0.1927673370081353
00573530 03020034 -1.0 -1.9222906154942265
00328015 07447022 -1.0 1.330367133571146
07296428 13387689 -1.0 -0.870354886217954
07475870 11465017 -1.0 -1.600387173636351
06817782 11156943 -1.0 -1.1995123336272266
03929443 05790242 -1.0 -1.512930158364937
15227846 15228378 -1.0 0.7797030515022234
02122298 13343774 -1.0 -0.9180995382836938
03100897 04474035 -1.0 -0.2555499116379454
08059870 08224580 -1.0 -0.8993901834160511
05770058 13553560 -1.0 -1.3044260436860617
08111419 09909060 -1.0 -0.6186823316831878
03137228 08547938 -1.0 -0.04119836194972515
08216900 08648153 -1.0 -1.253094244049326
04836268 07484547 -1.0 1.9232387007232274
01256270 08592165 -1.0 -1.2914800733789544
03642928 07900825 -1.0 -1.217928801680484
00359238 00571444 -1.0 0.34053213243939573
10306279 13920169 -1.0 -1.443228827644849
07191569 07208565 -1.0 0.7432107142853817
05834758 06675122 -1.0 0.8113289756436113
03485997 03525252 -1.0 -0.30096711147176824
07991364 13482940 -1.0 -1.4651397648251105
04346511 04928903 -1.0 -1.3662139733943572
08404373 09942275 -1.0 2.0371825510498587
09257563 13771290 -1.0 -0.5247053910861688
06264398 08463063 -1.0 1.7232070789508478
00079018 13253612 -1.0 1.631862362196646
04003856 06798750 -1.0 -1.1935715677024552
03717921 05064037 -1.0 -1.3996972365546916
09984659 09985075 -1.0 0.2083113453980181
00119568 06618427 -1.0 -0.5932507785179908
07383823 13757249 -1.0 0.6123698814543832
06788897 15295416 -1.0 -0.9443695900547309
06197215 06786629 -1.0 -0.1474734612726949
07405893 15277730 -1.0 0.569411717938523
03651265 05826914 -1.0 -1.2727855154253738
00458286 09269341 -1.0 -1.3891664231206882
03699975 10278666 -1.0 -0.2751224381741073
00674158 11422277 -1.0 -1.7932692472620984
00066397 07317764 -1.0 0.29818236127362185
05725527 14038264 -1.0 0.3713775806162374
00377169 03020416 -1.0 -1.643439912968374
03211117 06887726 -1.0 -1.0005023066621455
02158972 03933529 -1.0 -1.1757031944682201
05853273 08114861 -1.0 0.5687714828037602
00853835 01261974 -1.0 -1.0880571739272087
07152752 07382572 -1.0 -1.2338009035593478
00279835 03795758 -1.0 -1.2256039490043564
01212882 02755352 -1.0 -1.4549779371818414
05704694 11455695 -1.0 -0.1261134167726392
01093085 01166258 -1.0 0.5579585973259313
01221790 07518468 -1.0 0.0644023908056901
00798245 07046339 -1.0 -0.9453423112439308
07966719 13875027 -1.0 -0.9183774560144755
08070850 13358549 -1.0 -0.1710833552108002
08420278 09213828 -1.0 -1.5862074885868425
00565302 10664850 -1.0 -1.7721330053860358
01165692 04646990 -1.0 -0.49070313861963744
07456906 15256714 -1.0 -0.03639954197732975
10388924 10389398 -1.0 1.7987874858953306
00203342 13937554 -1.0 0.06509552176867195
00315986 08143653 -1.0 -0.057964004186153106
04321534 13127091 -1.0 -1.0230878135019634
00623862 04709253 -1.0 1.1055325451171307
06791372 06811625 -1.0 0.09245269882145091
07163593 07196682 -1.0 -0.3487303255797909
06197664 08681222 -1.0 -0.7621243671236178
08168978 09335240 -1.0 -0.7605083133967128
02853449 07115914 -1.0 -1.417935053566827
03545150 07971449 -1.0 -1.38865565112035
02884225 12746106 -1.0 -1.0500540202391555
07420538 07496463 -1.0 0.16107115711830722
05175904 06729864 -1.0 0.571604885300012
01000843 07028373 -1.0 -0.5068442562458628
00417859 14488912 -1.0 -1.5850157401035747
04464418 05826914 -1.0 -1.0781718480548306
00191142 13859043 -1.0 0.7823424314500476
01100273 01100658 -1.0 2.01117012620693
00721431 13925752 -1.0 0.1398973237676826
00160688 05737153 -1.0 -0.6959293211953321
00458286 05255692 -1.0 -1.6120140810068597
06618234 06721461 -1.0 -0.2586753255000498
07526338 14539268 -1.0 0.8737826200697094
07533978 14448333 -1.0 0.9477877198624893
06254475 06254669 -1.0 1.7369669024297192
02693070 07003352 -1.0 -1.2795483419752598
03093792 07279285 -1.0 -1.0717804643053852
03926575 04003597 -1.0 1.0682898992511654
03763403 08624385 -1.0 1.2629571020792345
07291794 13718178 -1.0 -0.431614492307566
04409011 04409128 -1.0 1.576981564091461
07291794 13618180 -1.0 -0.39908274587424675
13781164 13783816 -1.0 0.8805614752583835
06473563 14480065 -1.0 -1.5419947212106169
07207273 11505318 -1.0 -1.032080770992878
02158066 02158972 -1.0 2.708921795575937
00510723 05405324 -1.0 -0.6790790761019045
05812038 08523483 -1.0 -0.7375273214661351
03924069 06647206 -1.0 -0.43385839916032465
06519480 10724372 -1.0 -1.296125383112118
07324380 15290930 -1.0 -0.040533438129199295
06516595 06723452 -1.0 -0.6892360283748435
00085829 14326072 -1.0 -0.36265757576632485
06410776 06793426 -1.0 -0.08252712157743969
06697703 09945905 -1.0 -1.49030973826093
03360845 03462747 -1.0 -1.0350867049018229
08523483 15266685 -1.0 0.08324718787583629
03065708 13875970 -1.0 -0.5437170318464792
00798245 04835724 -1.0 -0.11689754235238992
04731925 07271942 -1.0 -1.0149468880985735
09185612 13306870 -1.0 -1.5064057680562826
07956887 10158506 -1.0 -1.6312329174980835
07495973 07518468 -1.0 0.6171802660479371
00958896 07483439 -1.0 0.7428626182546636
05839024 08238463 -1.0 -1.0342175853006061
00320852 06414849 -1.0 -1.707418359856372
04698656 08227214 -1.0 -1.3850243455506281
04809642 08207863 -1.0 -0.9698418544545642
05094565 13714184 -1.0 -0.4306197545389825
00138956 02982790 -1.0 -0.9784272733460813
06793231 06811625 -1.0 -0.5040543080196769
08664443 13761407 -1.0 -0.5333181715359627
04139859 09213828 -1.0 -1.07083765771721
06398401 15266911 -1.0 0.5405830825261952
03658858 06246896 -1.0 -1.0095813676638445
02857023 03211616 -1.0 -0.6961181629200608
03716327 10288516 -1.0 -1.2691346535113248
05256358 13809207 -1.0 -0.7281924819428118
00166702 13442715 -1.0 -0.6058718175809172
05058893 07094093 -1.0 -0.43691996635202646
02734217 05576573 -1.0 -0.5507514429802534
00584367 01217859 -1.0 1.5086498057374507
05217168 06473563 -1.0 -1.025110194328207
07376937 08507381 -1.0 -0.8981179198552738
01093085 07134706 -1.0 -0.91114142037459
11892637 13367070 -1.0 -1.7734184774251363
00787727 08565894 -1.0 -1.1375557912035057
00284798 04544979 -1.0 0.38475692877835854
04341686 04931965 -1.0 0.5939201374984808
00727500 09904556 -1.0 -0.4700142437992634
03965456 08416523 -1.0 -1.4466826698822608
00873381 06313651 -1.0 -1.1185654301739558
00027807 08238463 -1.0 -0.7041802375923663
04071712 05126849 -1.0 -1.5669686768375661
04752859 06258031 -1.0 -1.095785712445371
04301000 08438384 -1.0 -1.092038068664983
09428967 11445395 -1.0 0.7313108881233228
10194566 13786413 -1.0 -1.1208268849587402
06677974 07037465 -1.0 -0.8068292066934619
00397953 08221348 -1.0 -0.3761593884259966
01256743 05826914 -1.0 -0.3419812304306573
05671974 07030718 -1.0 -0.3436698309880346
03020416 04692908 -1.0 -1.4654268827879746
00072261 04682462 -1.0 -0.9074651185435969
00294868 03129944 -1.0 -1.755260732275488
03838535 07309457 -1.0 -1.2121855775695347
00093483 07320622 -1.0 -0.3727761094056161
13398469 14435445 -1.0 -1.1864193731756756
00191142 03005920 -1.0 0.9303932812561284
00781480 07313004 -1.0 -0.26276060949036006
05704694 07169480 -1.0 -0.8549335168099459
00043195 07214642 -1.0 -0.067291662187271
06495000 07389330 -1.0 -1.384463130881267
03337140 08428756 -1.0 -1.5217658422775169
06756267 06763681 -1.0 -0.10337549818682867
04003982 06798750 -1.0 -1.2553689562059058
05259512 07173959 -1.0 -0.9083813255492088
03222176 05180881 -1.0 -0.44658981371314255
00506658 13343526 -1.0 1.0301651000131664
03152619 07653394 -1.0 -1.548946936718703
05658226 07288024 -1.0 -0.06688641102219606
05805475 06199142 -1.0 0.5906906488034054
04809642 08198398 -1.0 -1.095326688158584
05256358 13285176 -1.0 -0.9210963113946491
13408023 13732953 -1.0 -1.2515109018454234
00830448 05798569 -1.0 -1.0343417043989382
03561345 06880533 -1.0 -0.3102569111366895
08063446 10474446 -1.0 -0.34356222326651276
05034225 05203649 -1.0 0.987935432170909
04366116 15271008 -1.0 -0.48986351696674824
01186397 14478684 -1.0 0.27300977278559446
08240633 13775093 -1.0 -0.5267769218831315
04071876 13412321 -1.0 -1.366908459202559
01172252 04198797 -1.0 -1.5608427478098514
03098140 07565259 -1.0 -1.534533596911627
04605446 04605726 -1.0 1.3557899189433797
01239868 04646990 -1.0 -1.1385535648555352
05850823 10032676 -1.0 -1.1760846384280095
05874232 05955323 -1.0 0.6912647322913548
