1.0 0.5224848840053072
1.0 0.8866538411585704
1.0 0.6903432773914356
1.0 0.8250654545133379
1.0 0.24260891467949625
1.0 0.45539122647206515
1.0 0.6832153375401675
1.0 0.5540114703036718
1.0 0.9370977540370101
1.0 0.6016088804237182
1.0 0.5519033067614058
1.0 0.21137754120900215
1.0 0.6748761271582023
1.0 0.7446768014205013
1.0 0.8524089151667935
1.0 0.1638988315156887
1.0 0.6707134171492646
1.0 0.7319916769145322
1.0 0.7573283064619477
1.0 0.7561202773259004
1.0 0.42026785224776125
1.0 0.44481174628427317
1.0 0.8590203463343634
1.0 0.15679319214479986
1.0 0.911850757887446
1.0 0.939951845733256
1.0 0.8446961590804573
1.0 0.6682785055303815
1.0 0.9562057869922006
1.0 0.656684237953929
1.0 0.8221226002244211
1.0 0.56470343361631
1.0 0.8933644723916656
1.0 0.7398527975912872
1.0 0.30964235194751694
1.0 0.25394006178192
1.0 0.8790778539048295
1.0 0.9340340323019275
1.0 0.3235708199216955
1.0 0.5470658435024262
1.0 0.8250230700124564
1.0 0.37426100416836333
1.0 0.5564312751147713
1.0 0.9168704446659429
1.0 0.2674017871279207
1.0 0.7880952738462136
1.0 0.7451531057690488
1.0 0.6356440520895263
1.0 0.7672049322188585
1.0 0.47028335317824743
1.0 0.6401811237596099
1.0 0.6527063493189982
1.0 0.3908510572461206
1.0 0.8418777533761806
1.0 0.6882108236599579
1.0 0.7437741763611273
1.0 0.5531568242686101
1.0 0.6182956693953037
1.0 0.985941686679224
1.0 0.5357494621294585
1.0 0.9617590676484209
1.0 0.5229141013757314
1.0 0.7107728095542342
1.0 0.2649518601727192
1.0 0.40666838708960623
1.0 0.6652652697340659
1.0 0.3899900300317568
1.0 0.8520368534276608
1.0 0.8804872700727783
1.0 0.6043252855815989
1.0 0.825726369662739
1.0 0.8528252500417095
1.0 0.22511832411010996
1.0 0.4045708666150511
1.0 0.2593492053323669
1.0 0.28695911254183376
1.0 0.4737268767403067
1.0 0.3693730842028804
1.0 0.8225847963542475
1.0 0.8652180647830185
1.0 0.7651469119107103
1.0 0.6697628691846971
1.0 0.5904472018348036
1.0 0.3172156722651742
1.0 0.5422364303447743
1.0 0.8503791970979225
1.0 0.37834733808774973
1.0 0.3552725746118963
1.0 0.7259159998447231
1.0 0.5550238393522371
1.0 0.3883793978650104
1.0 0.4667530859180851
1.0 0.9015001243936391
1.0 0.28517378209430916
1.0 0.6341103610254861
1.0 0.6148736565596563
1.0 0.6966786415940022
1.0 0.3434594838248895
1.0 0.9451645312152145
1.0 0.6441687419736284
1.0 0.6503071582830824
1.0 0.5530961086442564
1.0 0.2384183554190575
1.0 0.37801849600351756
1.0 0.3726434129561149
1.0 0.8441860465897008
1.0 0.9493779575847475
1.0 0.9393487993279573
1.0 0.6080597526961938
1.0 0.647164451998396
1.0 0.8718094685208092
1.0 0.5494272828703926
1.0 0.9314164886482169
1.0 0.4631431744792845
1.0 0.2816817835447491
1.0 0.6328684830492107
1.0 0.5594056538965243
1.0 0.790261528418207
1.0 0.46759169878792034
1.0 0.6965213802029555
1.0 0.5870316490178444
1.0 0.3335731806145067
1.0 0.9848924846938537
1.0 0.34728203016330605
1.0 0.2294912399069159
1.0 0.3955822270040679
1.0 0.25859461484676605
1.0 0.5632938362628858
1.0 0.7817249837679485
1.0 0.8745028578509387
1.0 0.44427727675374096
1.0 0.9625067016807909
1.0 0.8751073096683494
1.0 0.8226915351659747
1.0 0.8909465258809462
1.0 0.9505102905066846
1.0 0.5329426636880523
1.0 0.9647485450207545
1.0 0.8324033953783541
1.0 0.2806158115325322
1.0 0.6260689765979784
1.0 0.33768838388212313
1.0 0.9372293775834651
1.0 0.48827735200497396
1.0 0.8040064126220285
1.0 0.691128326308635
1.0 0.25532979113418
1.0 0.6155785379751255
1.0 0.6491538606029489
1.0 0.28643179283212006
1.0 0.8356974835533882
1.0 0.7450469423228712
1.0 0.9392595565471934
1.0 0.2279803229331493
1.0 0.44163109722965893
1.0 0.16897032138084006
1.0 0.5209286124917797
1.0 0.2265986132243277
1.0 0.7691758155700915
1.0 0.6244752921715726
1.0 0.2118912838026224
1.0 0.8727928498398289
1.0 0.3993414871831169
1.0 0.6275119463689264
1.0 0.8551945955833179
1.0 0.7188391003526812
1.0 0.6636138735898568
1.0 0.8202743609572316
1.0 0.6663661810886987
1.0 0.8139268925679414
1.0 0.8227145342713772
1.0 0.547567285155568
1.0 0.7417172500509029
1.0 0.600846334549686
1.0 0.5733626230226134
1.0 0.8302941801800438
1.0 0.4625638342721739
1.0 0.9345264233054509
1.0 0.8911121594510033
1.0 0.9726537924233625
1.0 0.8924807958761435
1.0 0.7809547464933572
1.0 0.557676440632342
1.0 0.7179734821406367
1.0 0.8576590952600531
1.0 0.17495484016358978
1.0 0.38390164152329753
1.0 0.25462767612524934
1.0 0.8385807287836543
1.0 0.6552717728978115
1.0 0.5130258818619791
1.0 0.4812333071575112
1.0 0.31487647893110576
1.0 0.723076947575385
1.0 0.8733086145877939
1.0 0.69291828996552
1.0 0.8610419257610082
1.0 0.6921099603818001
1.0 0.6116000826354827
1.0 0.8857084851803022
1.0 0.544317049413073
1.0 0.9180931455903715
1.0 0.5730615007868165
1.0 0.8706168494439326
1.0 0.4937600867642356
1.0 0.9568993546379209
1.0 0.5491796784225011
1.0 0.8413561775873271
1.0 0.47403978403602093
1.0 0.5764021951721017
1.0 0.9628822676336505
1.0 0.6690793620455593
1.0 0.5818937466464486
1.0 0.5505360014366606
1.0 0.41984131277513326
1.0 0.6472336952880776
1.0 0.6942168447646371
1.0 0.7827532036187199
1.0 0.5853221085056417
1.0 0.19178184780087196
1.0 0.738173579637635
1.0 0.9621428699090053
1.0 0.47146049088782566
1.0 0.6175848572809776
1.0 0.23868633948333304
1.0 0.4377851830486766
1.0 0.7616168426373735
1.0 0.7561171590294449
1.0 0.7557029836863431
1.0 0.9809097573761179
1.0 0.9730635259617016
1.0 0.8364785042524228
1.0 0.8933807133745305
1.0 0.8345134799034117
1.0 0.7344742573640078
1.0 0.7061101317801952
1.0 0.865266822196333
1.0 0.9733074806051132
1.0 0.4901187367427604
1.0 0.6779808685955705
1.0 0.6598654874583034
1.0 0.5729969332812443
1.0 0.5517396922181561
1.0 0.590428692664844
1.0 0.9398755856779395
1.0 0.9037424002507344
1.0 0.4917489277464745
1.0 0.9835441731966732
1.0 0.7528968822631148
1.0 0.444903566283962
1.0 0.27273647925057976
1.0 0.37206797570796796
1.0 0.5204873311653923
1.0 0.2502981401356385
1.0 0.9402786952258645
1.0 0.15137767540008337
1.0 0.7804992164613653
1.0 0.8366768675590542
1.0 0.92038538937103
1.0 0.760739083407855
1.0 0.8765315242967894
1.0 0.3610127882170668
1.0 0.8577573513232037
1.0 0.5372921994482115
1.0 0.697163542142853
1.0 0.8890847833726769
1.0 0.4484087603052425
1.0 0.3674397920390859
1.0 0.7905295452146943
1.0 0.8656448036841049
1.0 0.7015570039447122
1.0 0.17940541548085398
1.0 0.6160282255967202
1.0 0.8756500197433731
1.0 0.595838632294568
1.0 0.35105358839361295
1.0 0.5893485850978065
1.0 0.6395139449268578
1.0 0.7400222004246102
1.0 0.6964804447406175
1.0 0.8607971384088535
1.0 0.6718728791684764
1.0 0.5775058152229393
1.0 0.18274275056709535
1.0 0.3080390468257241
1.0 0.9006164062096168
1.0 0.372719235865255
1.0 0.7048208531928354
1.0 0.6494290283436805
1.0 0.5812766392578633
1.0 0.6086264710666135
1.0 0.8217299472885041
1.0 0.19098247261720275
1.0 0.6665970380665642
1.0 0.5061916580117058
1.0 0.34036525961949476
1.0 0.92051600956982
1.0 0.7813373381273274
1.0 0.6288856639305451
1.0 0.770500287201671
1.0 0.8212402640673585
1.0 0.6799781210088169
1.0 0.15108666367102247
1.0 0.4339596624707368
1.0 0.8075666631042985
1.0 0.670530369480652
1.0 0.8176174040791537
1.0 0.7582901349478702
1.0 0.21813838574806868
1.0 0.8384131922437654
1.0 0.7151739952491772
1.0 0.4691150849972137
1.0 0.2323021158458072
1.0 0.9524352068871874
1.0 0.4800030233826885
1.0 0.7072447789374918
1.0 0.18366817768882288
1.0 0.5472178907610037
1.0 0.17068133570933594
1.0 0.5890616225172755
1.0 0.764415488467663
1.0 0.4047413553146746
1.0 0.5947875094533982
1.0 0.24103075498477625
1.0 0.8914077793757562
1.0 0.7075119867127434
1.0 0.42482425775286975
1.0 0.6385278204718597
1.0 0.5427474323259607
1.0 0.5742583511128744
1.0 0.432385163688087
1.0 0.8608351115789492
1.0 0.3082822035481165
1.0 0.2935912762289964
1.0 0.8950671529759742
1.0 0.8734201925951347
1.0 0.5054759358597534
1.0 0.3453712873494962
1.0 0.7766829605063201
1.0 0.45258634886348137
1.0 0.1883580171704236
1.0 0.9203303251688144
1.0 0.9765970035921828
1.0 0.5892964650067459
1.0 0.8026841263978954
1.0 0.9164837241395994
1.0 0.7146529391288344
1.0 0.2722912089095515
1.0 0.47844687366375005
1.0 0.3599142622068616
1.0 0.7223616674799334
1.0 0.3068490997545604
1.0 0.4011881315305358
1.0 0.44022070278480896
1.0 0.8170002101529461
1.0 0.7214856553524326
1.0 0.21479822779731458
1.0 0.3555315792470513
1.0 0.8486521683981516
1.0 0.9787567336659436
1.0 0.3675114369970906
1.0 0.7444036157000283
1.0 0.9111601398239859
1.0 0.7843942421759105
1.0 0.11547170987582801
1.0 0.9547794738206096
1.0 0.37876921959053783
1.0 0.628619582669029
1.0 0.4031915478822682
1.0 0.8547236131055475
1.0 0.3285466015868853
1.0 0.12424166243246261
1.0 0.7371635979879648
1.0 0.8408393123268083
1.0 0.9046632474995076
1.0 0.49645744373339784
1.0 0.6544687837475327
1.0 0.7349821224169202
1.0 0.4989522224080662
1.0 0.4961191108570836
1.0 0.40878089251021166
1.0 0.672821141042734
1.0 0.5335070150071942
1.0 0.9039888483211015
1.0 0.4865114241308594
1.0 0.5253630474588888
1.0 0.9183124903376048
1.0 0.23347916151167017
1.0 0.2668580554997393
1.0 0.4810170098584095
1.0 0.8994723617201953
1.0 0.6286182476920036
1.0 0.5316194578947102
1.0 0.8501152328602208
1.0 0.9677861203315318
1.0 0.45009449000024027
1.0 0.5611863439640484
1.0 0.7550883074982716
1.0 0.8066619095457357
1.0 0.8770907809661547
1.0 0.7588768978860393
1.0 0.5202199040635925
1.0 0.9027163413739409
1.0 0.6624201013506403
1.0 0.9744787897500649
1.0 0.49715631494323526
1.0 0.15650478255886616
1.0 0.7556985148898555
1.0 0.22054821858153628
1.0 0.70324162993251
1.0 0.6218855603921597
1.0 0.7602528670598283
1.0 0.9718369091764354
1.0 0.89464741878687
1.0 0.6369404850645317
1.0 0.8250472636720808
1.0 0.3327127255150511
1.0 0.8156936258436699
1.0 0.6618462471520572
1.0 0.6117387528388574
1.0 0.32972024726605914
1.0 0.549817875936893
1.0 0.9487032929106183
1.0 0.9329714274078904
1.0 0.2587883730788773
1.0 0.6911543842514781
1.0 0.3171036866176573
1.0 0.45437858153761945
1.0 0.9325704481205587
1.0 0.30419333849456
1.0 0.420263896695474
1.0 0.6648873955330507
1.0 0.7940729817124303
1.0 0.5318342070312514
1.0 0.45599355267461344
1.0 0.5800701569402577
1.0 0.9645882252477702
1.0 0.5801016261612865
1.0 0.3440722899328846
1.0 0.48371579348143645
1.0 0.2216398373057657
1.0 0.9408965326563777
1.0 0.9728901493044326
1.0 0.43170384357694347
1.0 0.6522490362828399
1.0 0.8356190542104268
1.0 0.5765120893286532
1.0 0.8200934093634923
1.0 0.8197041020424318
1.0 0.40987483495977756
1.0 0.3741256937237356
1.0 0.46959631875642804
1.0 0.7650304677711898
1.0 0.33955819115470404
1.0 0.7334387804436153
1.0 0.6768934055433051
1.0 0.8551764915023787
1.0 0.5233499032628959
1.0 0.7114914943237952
1.0 0.816814152122197
1.0 0.26908207436028236
1.0 0.8037332787937475
1.0 0.811527399322771
1.0 0.3382431023796554
1.0 0.8584312611541719
1.0 0.8306466306303685
1.0 0.640441744626826
1.0 0.27633543994443327
1.0 0.1643551199073067
1.0 0.0876878546471319
1.0 0.2760073320241194
1.0 0.26726472703656234
1.0 0.541015220731465
1.0 0.5011746397169451
1.0 0.7468767500357065
1.0 0.6185007294868793
1.0 0.9330879923654031
1.0 0.5430336715766438
1.0 0.31605957344776414
1.0 0.6498218078283554
1.0 0.10914353956389253
1.0 0.707580259739751
1.0 0.4750721157986302
1.0 0.8347542327700052
1.0 0.1137070799783518
1.0 0.5599039392670728
1.0 0.8993973755422251
1.0 0.2981573798746356
1.0 0.7074454836182648
1.0 0.8110349831801109
1.0 0.5541409974112327
1.0 0.5228549248453532
1.0 0.8404822287625753
1.0 0.20962023092926307
1.0 0.8783882419632945
1.0 0.29308182642356745
1.0 0.22788002071951738
1.0 0.29634944799803764
1.0 0.6562647155367215
1.0 0.9337598737489383
1.0 0.6162431573042213
1.0 0.7565205862499605
1.0 0.3337920101932208
1.0 0.819859004312548
1.0 0.2812677627268901
1.0 0.7792303116564575
1.0 0.7910057899820466
1.0 0.5615318989256979
1.0 0.8649175488254665
1.0 0.44436558068253734
1.0 0.881124656343758
1.0 0.9279120998624718
1.0 0.8376991520940351
1.0 0.5805168709087736
1.0 0.18689700731260336
1.0 0.3156373770796129
1.0 0.1970917653883253
1.0 0.6680768451900467
1.0 0.9087477028280675
1.0 0.9811412595990464
1.0 0.6754328722300538
1.0 0.8414186658013302
1.0 0.7874846490835001
1.0 0.9444049473636401
1.0 0.7222499032503497
1.0 0.83175156527995
1.0 0.7399763483210684
1.0 0.9269083429295606
1.0 0.8639963679046785
1.0 0.4589000151753572
1.0 0.6361382485083005
1.0 0.2545868356221916
1.0 0.7191876842257866
1.0 0.8618284451279548
1.0 0.7582901179751734
1.0 0.7984219081221431
1.0 0.7373264650681958
1.0 0.6345173054545626
1.0 0.3979206917873019
1.0 0.7774474146064891
1.0 0.5395916160920985
1.0 0.899416272783589
1.0 0.5532642461732116
1.0 0.802308202979511
1.0 0.887196715971955
1.0 0.6893709820895212
1.0 0.7653802127234125
1.0 0.9504772503405757
1.0 0.8553849228715361
1.0 0.6510156968104
1.0 0.7582901158710924
1.0 0.9202776648957467
1.0 0.6942740549194434
1.0 0.28129915046538895
1.0 0.7030914628285702
1.0 0.4143100360652366
1.0 0.8438599745184425
1.0 0.6584650494363098
1.0 0.7809788361941887
1.0 0.7863659672244319
1.0 0.35067880721193606
1.0 0.8435205037238177
1.0 0.1256104778377902
1.0 0.7405096805275864
1.0 0.662575345271279
1.0 0.3538066269403833
1.0 0.28864748919269934
1.0 0.6661750281786778
1.0 0.43781850678417233
1.0 0.4248977202710338
1.0 0.7534491496774173
1.0 0.4384622698406094
1.0 0.30002598067477976
1.0 0.719807082774617
1.0 0.49846034705857706
1.0 0.6880358638984343
1.0 0.8986556217926707
1.0 0.8134799949552767
1.0 0.7105002503397504
1.0 0.803360854481161
1.0 0.4761320956585951
1.0 0.19447578981514388
1.0 0.610902857134679
1.0 0.7578927018837155
1.0 0.7697898079527767
1.0 0.8144695666923137
1.0 0.9417790356191983
1.0 0.6129852129134864
1.0 0.7857500633821136
1.0 0.16649751163345128
1.0 0.8922815796550609
1.0 0.68015729198849
1.0 0.5351105867697924
1.0 0.840103981850985
1.0 0.622308887274565
1.0 0.2100897468159883
1.0 0.8700018961083196
1.0 0.4662037490436397
1.0 0.9385594390164749
1.0 0.4718557509833486
1.0 0.5838953341278161
1.0 0.16178764289789285
1.0 0.7173228126205957
1.0 0.7531235352147077
1.0 0.5271371983009903
1.0 0.34747619052358514
1.0 0.6483759146771967
1.0 0.916529967054004
1.0 0.4147925889691004
1.0 0.7010440132892874
1.0 0.8399845895041266
1.0 0.5667411271447965
1.0 0.4600617154056812
1.0 0.9724643154883112
1.0 0.8554053301460558
1.0 0.7126515275144472
1.0 0.8476405345720754
1.0 0.7635381904579928
1.0 0.7206015506688467
1.0 0.7313996658601624
1.0 0.77438919031276
1.0 0.6428480708361838
1.0 0.5951728181290384
1.0 0.7460937886104068
1.0 0.7891023758756882
1.0 0.6204722670893953
1.0 0.8189217755895931
1.0 0.718911338091798
1.0 0.6289095089277815
1.0 0.47389429268267796
1.0 0.967242357803257
1.0 0.7183372540195665
1.0 0.333856925154886
1.0 0.26408622115661085
1.0 0.3816281610294818
1.0 0.6132683098246471
1.0 0.698159722539633
1.0 0.8654925851429589
1.0 0.9695829033521093
1.0 0.8507580289814028
1.0 0.6369963075857937
1.0 0.3352496586053146
1.0 0.6122645254043908
1.0 0.5218954441299234
1.0 0.674246390223613
1.0 0.758254129230576
1.0 0.7200719468577118
1.0 0.8740933470715335
1.0 0.583046822316499
1.0 0.14712765696762914
1.0 0.7521961939507561
1.0 0.6449645199813638
1.0 0.4885586499050001
1.0 0.8460745093701486
1.0 0.6246105975921867
1.0 0.17137336037491685
1.0 0.6002593260696983
1.0 0.9128031661462074
1.0 0.445446744814837
1.0 0.4714130162604313
1.0 0.7469901997362471
1.0 0.663393690175657
1.0 0.8449693594772856
1.0 0.5166238100380219
1.0 0.6462239823816028
1.0 0.79607782299393
1.0 0.5689079543246286
1.0 0.8401439077034428
1.0 0.5609791528240878
1.0 0.6751770386053403
1.0 0.8339053826358812
1.0 0.7855079124056157
1.0 0.22642707948539417
1.0 0.7176420086812635
1.0 0.7267481114074661
1.0 0.5473756520783866
1.0 0.7578064294445833
1.0 0.6550172107051169
1.0 0.6652157557034097
1.0 0.5387744280172743
1.0 0.5200697101471298
1.0 0.8234252852539564
1.0 0.40303941292423984
1.0 0.7425101192924957
1.0 0.6493687041839075
1.0 0.38715013727631054
1.0 0.9199793567375343
1.0 0.4127176700769289
1.0 0.3955108656298493
1.0 0.7083362998285171
1.0 0.7337529816120756
1.0 0.972124940220688
1.0 0.5817002635948595
1.0 0.7397588850500713
1.0 0.19359901395242374
1.0 0.5769905392978691
1.0 0.6551305017362572
1.0 0.8118969487861556
1.0 0.7534265047626028
1.0 0.8787498486194981
1.0 0.869413920942849
1.0 0.3491852298370394
1.0 0.6780858861941771
1.0 0.6072036962404471
1.0 0.7701703914701392
1.0 0.9062261509291027
1.0 0.6287220217206902
1.0 0.7444065904860631
1.0 0.1958131209020774
1.0 0.48231381262910655
1.0 0.8361619749004403
1.0 0.8672175731980325
1.0 0.5270819309757715
1.0 0.7216077677338422
1.0 0.41100534785935783
1.0 0.8219453086554281
1.0 0.336394173404251
1.0 0.6583838874743467
1.0 0.8169148488498035
1.0 0.5182518204260559
1.0 0.3806972755996719
1.0 0.9731982734761547
1.0 0.7451565707401537
1.0 0.8241536341790549
1.0 0.46856551556307596
1.0 0.43063914272048265
1.0 0.562997081558521
1.0 0.6010775098521676
1.0 0.3196005504835249
1.0 0.6893557675370531
1.0 0.8675018767332503
1.0 0.4866462221340893
1.0 0.6651694750238344
1.0 0.6413663139625602
1.0 0.7536374868315364
1.0 0.847607233319341
1.0 0.9292079295757786
1.0 0.2845730287344794
1.0 0.9301255631302787
1.0 0.26880272815673756
1.0 0.5582632284296571
1.0 0.718668237031479
1.0 0.5781696459654904
1.0 0.7864217921574405
1.0 0.8870458255418238
1.0 0.8629101336560403
1.0 0.7367385588164003
1.0 0.682402854207554
1.0 0.8457275976852745
1.0 0.1504685942165777
1.0 0.20375730496253483
1.0 0.816536925452445
1.0 0.756021765942169
1.0 0.778621323989963
1.0 0.4652905371993177
1.0 0.7936697103236774
1.0 0.7417302918107297
1.0 0.8433264767477451
1.0 0.8527386135560621
1.0 0.8238716606116984
1.0 0.8246804327286513
1.0 0.7662534251682737
1.0 0.869929305364987
1.0 0.5790543954860456
1.0 0.7442028017691865
1.0 0.774917749092394
1.0 0.5897649068815624
1.0 0.7440551991296579
1.0 0.8142443661008741
1.0 0.46296456176705125
1.0 0.9732591853553797
1.0 0.8768445176452376
1.0 0.554282635058229
1.0 0.2621067462306525
1.0 0.6265703017381988
1.0 0.6977914500382157
1.0 0.9598371119698204
1.0 0.4000277948500969
1.0 0.7354831195623035
1.0 0.8289716038024099
1.0 0.5919990614550137
1.0 0.24843197420562838
1.0 0.8140265744314872
1.0 0.46623867065327185
1.0 0.5255603615511943
1.0 0.5451889976511655
1.0 0.49629100914894325
1.0 0.758290129505431
1.0 0.6575857123464421
1.0 0.5077913750257932
1.0 0.1515539276899275
1.0 0.7478402848464181
1.0 0.6039547229330874
1.0 0.6764854627184158
1.0 0.7051086393868781
1.0 0.4040933184329011
1.0 0.477660334038842
1.0 0.8318940547788568
1.0 0.92344154893108
1.0 0.8769899537215385
1.0 0.46233464151254056
1.0 0.5214511759204682
1.0 0.9312131542394944
1.0 0.2644605871437586
1.0 0.757751859379385
1.0 0.8209527189979935
1.0 0.15307851673029715
1.0 0.5127615796591538
1.0 0.3626589049025022
1.0 0.8863108392970741
1.0 0.8675122203352504
1.0 0.7582821249006265
1.0 0.9384123924201134
1.0 0.5435418703840685
1.0 0.9797611613543208
1.0 0.3704564804603158
1.0 0.8789185784369639
1.0 0.42343319824220066
1.0 0.6668028099653143
1.0 0.9402622208539742
1.0 0.3451476239568105
1.0 0.6348557478238501
1.0 0.6405263430376064
1.0 0.9276328448572295
1.0 0.4335258228177121
1.0 0.6606889418863228
1.0 0.8156604118340205
1.0 0.5905501184969493
1.0 0.8075713704570788
1.0 0.6034556898244028
1.0 0.19184495080480987
1.0 0.5253744708613438
1.0 0.9299287386168136
1.0 0.7582460033206431
1.0 0.9209798801560609
1.0 0.7998169609009323
1.0 0.868554143130688
1.0 0.5457614102893427
1.0 0.8909167294549583
1.0 0.8781377988033783
1.0 0.8619123975818608
1.0 0.6639074088969137
1.0 0.9507979220686736
1.0 0.6800446230338685
1.0 0.3929603967673668
1.0 0.8412130587763526
1.0 0.4702706034890956
1.0 0.806053015621269
1.0 0.5563209342388022
1.0 0.5078727342115191
-1.0 0.14310054165503067
-1.0 0.39656321756240315
-1.0 0.1871089875480291
-1.0 0.6611481880027354
-1.0 0.5688180024386238
-1.0 0.8808475895368911
-1.0 0.33153013075872423
-1.0 0.8763201557210758
-1.0 0.16197867563138674
-1.0 0.47926018485998645
-1.0 0.13396349179540215
-1.0 0.6691151374161513
-1.0 0.39628469701262015
-1.0 0.17018514791041675
-1.0 0.5327176308221573
-1.0 0.6971940178821837
-1.0 0.6847889064308171
-1.0 0.256977382448976
-1.0 0.5281183380773784
-1.0 0.2830364239669395
-1.0 0.627683222195234
-1.0 0.20693585075318435
-1.0 0.19594317872355654
-1.0 0.14345722384638318
-1.0 0.15213608613387597
-1.0 0.38800764208041716
-1.0 0.33042236206543485
-1.0 0.14071021605468878
-1.0 0.3866806026852045
-1.0 0.2885647634491511
-1.0 0.2406923316263524
-1.0 0.4074316466876317
-1.0 0.24042336477470214
-1.0 0.6316938780518748
-1.0 0.2094187475768366
-1.0 0.12642149145765452
-1.0 0.14928026382986315
-1.0 0.13907279978226278
-1.0 0.8117386448375284
-1.0 0.10375870557980006
-1.0 0.3053513704911467
-1.0 0.1666144641067474
-1.0 0.2206390788971585
-1.0 0.43415084799191495
-1.0 0.25340509621706886
-1.0 0.8475353271519871
-1.0 0.5439813196542129
-1.0 0.17259690355694765
-1.0 0.12317377021140162
-1.0 0.587934918987372
-1.0 0.3225894163703115
-1.0 0.45685980167237644
-1.0 0.5469107710021096
-1.0 0.5134561978885214
-1.0 0.3155655138890963
-1.0 0.5367396601805368
-1.0 0.31104235693209503
-1.0 0.6716612884556648
-1.0 0.16881891522455422
-1.0 0.16145880451008696
-1.0 0.11140003772146378
-1.0 0.2934892181366933
-1.0 0.4368246602593923
-1.0 0.7849084763650002
-1.0 0.20547196662522607
-1.0 0.27522420082446714
-1.0 0.15418305196730372
-1.0 0.6394685895846475
-1.0 0.3755593199990091
-1.0 0.1989019131980157
-1.0 0.3062436804818219
-1.0 0.3814428384058911
-1.0 0.8904573404988717
-1.0 0.2366308992698293
-1.0 0.47730447436433654
-1.0 0.22262765106110147
-1.0 0.2301186274838459
-1.0 0.225747979310124
-1.0 0.4900295370808879
-1.0 0.1232690215700319
-1.0 0.15475177940328816
-1.0 0.19768021002852323
-1.0 0.17835393847606848
-1.0 0.3656882814718986
-1.0 0.941655134534215
-1.0 0.44022497357619517
-1.0 0.2979721099720759
-1.0 0.21584286396857771
-1.0 0.37366808106649907
-1.0 0.24558816311212917
-1.0 0.19464562256722592
-1.0 0.298442425477219
-1.0 0.7450806207945542
-1.0 0.3544374916939184
-1.0 0.6874394067319892
-1.0 0.10930778855627583
-1.0 0.32469271002329303
-1.0 0.6727552568395204
-1.0 0.29439678363120636
-1.0 0.4027563411361225
-1.0 0.8141688027597098
-1.0 0.8612664804630442
-1.0 0.840894165293195
-1.0 0.22898067709609468
-1.0 0.5039533485575747
-1.0 0.1262338250131725
-1.0 0.1750793445557549
-1.0 0.20483130544212727
-1.0 0.26406293983752027
-1.0 0.2964216186793133
-1.0 0.8928028801262305
-1.0 0.17140124776909846
-1.0 0.39042676353681943
-1.0 0.7833017210342
-1.0 0.45906023506931837
-1.0 0.24231323445338818
-1.0 0.8756549575486183
-1.0 0.31716971743285705
-1.0 0.252021611230766
-1.0 0.8670853716205246
-1.0 0.601320018659467
-1.0 0.23902362873690391
-1.0 0.24253086124810797
-1.0 0.5567551382751046
-1.0 0.24147181439399226
-1.0 0.13656422434296006
-1.0 0.14646532643551255
-1.0 0.28599129601793016
-1.0 0.6529068199502712
-1.0 0.5974342435404858
-1.0 0.872310479876164
-1.0 0.30309899270035734
-1.0 0.3165100996266773
-1.0 0.8038472582604154
-1.0 0.20738614215616824
-1.0 0.4714086384017543
-1.0 0.329996791977505
-1.0 0.45364298801210584
-1.0 0.16218697731457485
-1.0 0.11962838451345524
-1.0 0.21987302634314615
-1.0 0.5725519786377387
-1.0 0.5995018044684098
-1.0 0.3781929986164045
-1.0 0.2904491429832555
-1.0 0.12468187465196263
-1.0 0.4164869618216743
-1.0 0.13153377484486173
-1.0 0.2701607185720079
-1.0 0.8691523490239587
-1.0 0.2045654343628169
-1.0 0.6481435470091638
-1.0 0.3205948853058568
-1.0 0.3046679756112834
-1.0 0.7858376807473263
-1.0 0.35478177456906834
-1.0 0.7962597828913051
-1.0 0.49823131820511113
-1.0 0.19531106734132267
-1.0 0.3884459251293247
-1.0 0.9259048488532792
-1.0 0.20938937006574154
-1.0 0.20373139239140553
-1.0 0.49397063573096595
-1.0 0.259207868835891
-1.0 0.275452429243121
-1.0 0.7738272228876699
-1.0 0.14612199359900876
-1.0 0.39692778198507495
-1.0 0.3995554172055315
-1.0 0.5592467127571006
-1.0 0.28081272833270315
-1.0 0.4638841616334687
-1.0 0.6709131748701989
-1.0 0.1809152667563042
-1.0 0.22565170909257976
-1.0 0.37867891813897175
-1.0 0.11388666134784349
-1.0 0.2923380664543032
-1.0 0.7274364378685506
-1.0 0.8896425348605052
-1.0 0.1734195814123687
-1.0 0.4993964020047101
-1.0 0.26085687251901013
-1.0 0.3948835640584601
-1.0 0.4136454051595349
-1.0 0.3244060995309965
-1.0 0.7197944943565232
-1.0 0.24087530981881108
-1.0 0.4301538550557437
-1.0 0.22017774284568908
-1.0 0.12760828148467243
-1.0 0.3323837967767638
-1.0 0.5820674647822633
-1.0 0.2836452936049694
-1.0 0.7815089727719814
-1.0 0.39082338499143615
-1.0 0.11715735226609564
-1.0 0.45003716654864423
-1.0 0.39206700276890827
-1.0 0.1644918282507711
-1.0 0.8577014206992701
-1.0 0.46200691400295135
-1.0 0.09804365844890638
-1.0 0.6437961817643623
-1.0 0.5825964621047808
-1.0 0.11943672577181509
-1.0 0.4367674154054514
-1.0 0.30452133650633695
-1.0 0.5391104952556586
-1.0 0.13705322866060168
-1.0 0.8206011907205698
-1.0 0.32646136016468674
-1.0 0.24090274409333498
-1.0 0.1737504728458701
-1.0 0.1363992686734437
-1.0 0.6129300365216714
-1.0 0.41069263108332693
-1.0 0.18596790743046102
-1.0 0.22709184777929087
-1.0 0.25602083157037064
-1.0 0.46577178254644475
-1.0 0.14363484055300607
-1.0 0.7149420302250532
-1.0 0.3428928971922054
-1.0 0.22296350254703207
-1.0 0.42745333412769093
-1.0 0.4634456532712591
-1.0 0.27084292286994194
-1.0 0.19190553819211253
-1.0 0.27574827309000605
-1.0 0.1562960727762708
-1.0 0.18499017796666592
-1.0 0.378205626338782
-1.0 0.39436211672298394
-1.0 0.15899125986047036
-1.0 0.14413333163808847
-1.0 0.4159216643926052
-1.0 0.5828768856948944
-1.0 0.905712331917211
-1.0 0.3010836339853591
-1.0 0.21148725061224177
-1.0 0.12941583855712147
-1.0 0.7307114968299325
-1.0 0.22556433502256648
-1.0 0.1372864105085306
-1.0 0.26137674666469546
-1.0 0.41908665130574785
-1.0 0.8319938694875908
-1.0 0.14114081303989717
-1.0 0.6061552982367777
-1.0 0.5260600487325932
-1.0 0.1595513041187722
-1.0 0.16600938904916068
-1.0 0.4452590804726449
-1.0 0.4452491844961005
-1.0 0.2224190020637344
-1.0 0.32586831357182805
-1.0 0.748021607094674
-1.0 0.2892714367559008
-1.0 0.6612354872561881
-1.0 0.13040267764384925
-1.0 0.4025504032377763
-1.0 0.7604006689675546
-1.0 0.17259622340231442
-1.0 0.48482082383014885
-1.0 0.13778961726046124
-1.0 0.8521399927003916
-1.0 0.13753100827492956
-1.0 0.5373771554176419
-1.0 0.15029147027202186
-1.0 0.8570219300807185
-1.0 0.7611366533995874
-1.0 0.4419352539556281
-1.0 0.22629727970780822
-1.0 0.4609136691099443
-1.0 0.5910779836303662
-1.0 0.23153682832284714
-1.0 0.16911150066131794
-1.0 0.6287772850846565
-1.0 0.2505027070480461
-1.0 0.8387078646887081
-1.0 0.41330366474166796
-1.0 0.30250587252123673
-1.0 0.7637283656234977
-1.0 0.24985800016257928
-1.0 0.3637982362346642
-1.0 0.4625118640672701
-1.0 0.23681690045198997
-1.0 0.5998425658463356
-1.0 0.4546728527695926
-1.0 0.20779923615996718
-1.0 0.4705495186696354
-1.0 0.15321955476712446
-1.0 0.49814912273763945
-1.0 0.24757130138299022
-1.0 0.1507906189503818
-1.0 0.39050298616171114
-1.0 0.14296494240904892
-1.0 0.2114036160275784
-1.0 0.5711092659285206
-1.0 0.29836117347189955
-1.0 0.2039055547064117
-1.0 0.1586422180062515
-1.0 0.16406788544716358
-1.0 0.525422905115117
-1.0 0.5673688750754614
-1.0 0.6373651728923976
-1.0 0.3117531552448106
-1.0 0.2422149612071144
-1.0 0.7677182515712673
-1.0 0.3328906262518239
-1.0 0.23678641162861463
-1.0 0.28980185644876816
-1.0 0.19098454531380377
-1.0 0.4184838772694597
-1.0 0.12361760106116487
-1.0 0.10515707403376946
-1.0 0.16646785748920512
-1.0 0.5304784109998754
-1.0 0.17314992479377966
-1.0 0.8036365630738215
-1.0 0.47166813537238467
-1.0 0.5247362599005547
-1.0 0.32303750529035535
-1.0 0.4758250604880401
-1.0 0.4982914799523542
-1.0 0.12402480689234328
-1.0 0.33203322392349327
-1.0 0.14213877393620572
-1.0 0.18404886595973868
-1.0 0.21857673601743086
-1.0 0.5272030619162196
-1.0 0.26243052672237405
-1.0 0.7420010372308011
-1.0 0.3571256144547208
-1.0 0.17262943438816628
-1.0 0.26173508162254455
-1.0 0.1464759039558696
-1.0 0.5867415439938398
-1.0 0.5516140671059789
-1.0 0.2754592293788072
-1.0 0.9235649392879197
-1.0 0.5240065112456278
-1.0 0.1295293288808623
-1.0 0.35162860054642625
-1.0 0.1082628193785894
-1.0 0.14883113125098305
-1.0 0.09046118946534892
-1.0 0.2625506319115762
-1.0 0.8494206803263178
-1.0 0.1775369176890589
-1.0 0.30742846884763514
-1.0 0.148163608766579
-1.0 0.5515679489920887
-1.0 0.8105329827698544
-1.0 0.22590129912038828
-1.0 0.1656784054221954
-1.0 0.18808877261365886
-1.0 0.14949325257411464
-1.0 0.27968455382449753
-1.0 0.37712702637215845
-1.0 0.5353596873033001
-1.0 0.23735474109673232
-1.0 0.3788003872301389
-1.0 0.5031909663201478
-1.0 0.12825899056470252
-1.0 0.21744324878126403
-1.0 0.8144372667154348
-1.0 0.5860459898522163
-1.0 0.4030169218040119
-1.0 0.18208282863937747
-1.0 0.09588301631582592
-1.0 0.5665265486723512
-1.0 0.12061078378900711
-1.0 0.27797796681234066
-1.0 0.5627804488263968
-1.0 0.34741489435288325
-1.0 0.25729348732105023
-1.0 0.3470123676209041
-1.0 0.26433073958597636
-1.0 0.6986443361491524
-1.0 0.37672188762609626
-1.0 0.3313750697943783
-1.0 0.1353040861754518
-1.0 0.16761996420842556
-1.0 0.10164373056916028
-1.0 0.4728314651024085
-1.0 0.13810789963842754
-1.0 0.163877263349783
-1.0 0.4189088770330575
-1.0 0.40286758207639417
-1.0 0.1652123863024961
-1.0 0.5520502384817908
-1.0 0.8976019156369324
-1.0 0.32237360867312836
-1.0 0.7570079362101906
-1.0 0.16060222480962072
-1.0 0.35807405777916446
-1.0 0.556411770632185
-1.0 0.21223055302463883
-1.0 0.3910382714144146
-1.0 0.2616263813352076
-1.0 0.17912986393410965
-1.0 0.2580832907670189
-1.0 0.20931625409929464
-1.0 0.48007119037462537
-1.0 0.3930365742559578
-1.0 0.5737748699366666
-1.0 0.2439473119347057
-1.0 0.5516584672828294
-1.0 0.16314793439854655
-1.0 0.507305247464005
-1.0 0.2776853319980407
-1.0 0.18483012211376154
-1.0 0.18352493293839353
-1.0 0.11415820443558454
-1.0 0.17815545283316975
-1.0 0.22642061572903524
-1.0 0.20909054137173083
-1.0 0.2351944727340683
-1.0 0.48136286988052635
-1.0 0.13892772929960506
-1.0 0.18519814509457694
-1.0 0.13325686898707595
-1.0 0.3660095285964368
-1.0 0.7363888482686408
-1.0 0.9068752265544318
-1.0 0.6986326365836495
-1.0 0.6308993606101
-1.0 0.2590754241409975
-1.0 0.5933705215276356
-1.0 0.16038829779624192
-1.0 0.1249024205657877
-1.0 0.15429319294533353
-1.0 0.7803707913657867
-1.0 0.1764022181317808
-1.0 0.14272142389879705
-1.0 0.20743519823328777
-1.0 0.4217640631597846
-1.0 0.44097510754609287
-1.0 0.5163562443212167
-1.0 0.11444133618366785
-1.0 0.7062421169489723
-1.0 0.5125176353680968
-1.0 0.13347523905960956
-1.0 0.8732420354054162
-1.0 0.23688879641997507
-1.0 0.1118760221152602
-1.0 0.25878253478002344
-1.0 0.5791419865872854
-1.0 0.30256182023945355
-1.0 0.5413426355044603
-1.0 0.20755925181458632
-1.0 0.14793471524024948
-1.0 0.4431852930786279
-1.0 0.4288588116823157
-1.0 0.3181167849660902
-1.0 0.61954726800138
-1.0 0.7076771336528648
-1.0 0.2387329171821407
-1.0 0.7343956328928333
-1.0 0.22605038074274073
-1.0 0.5183755400852427
-1.0 0.39363059226648345
-1.0 0.25506626241182034
-1.0 0.1799488022916352
-1.0 0.39396169113260526
-1.0 0.5828818569383059
-1.0 0.17467748552185555
-1.0 0.4036328340926285
-1.0 0.3100257579099481
-1.0 0.20214310778525338
-1.0 0.14586448093307994
-1.0 0.13113283085334745
-1.0 0.5859872829855464
-1.0 0.13161299775511798
-1.0 0.7001354256431688
-1.0 0.26333910812216316
-1.0 0.2320465097983773
-1.0 0.19260917505544467
-1.0 0.2564638670005952
-1.0 0.19596254349794415
-1.0 0.18725720920643552
-1.0 0.4390222748379695
-1.0 0.3135210949614841
-1.0 0.31219942800627765
-1.0 0.3423296679712222
-1.0 0.3703406333630514
-1.0 0.13433046235127982
-1.0 0.4123455505470484
-1.0 0.16631721547386635
-1.0 0.3943268007336665
-1.0 0.18808661058172296
-1.0 0.580869839452576
-1.0 0.13909221250464737
-1.0 0.5449135319851034
-1.0 0.5578364664597861
-1.0 0.4131916944416362
-1.0 0.31974023042331084
-1.0 0.23883236715209383
-1.0 0.7594161697604644
-1.0 0.15853668886897748
-1.0 0.1838810722168527
-1.0 0.14583672404617165
-1.0 0.5872543072139766
-1.0 0.5028905750035912
-1.0 0.1722121436130118
-1.0 0.24228264783661893
-1.0 0.3422144951498509
-1.0 0.280684959862789
-1.0 0.5462210103449389
-1.0 0.5951793790376236
-1.0 0.15739317768378727
-1.0 0.2480018447317627
-1.0 0.6998677823753289
-1.0 0.1697517899498511
-1.0 0.4609677742357476
-1.0 0.5075312961118004
-1.0 0.2883209377341038
-1.0 0.4765624674520092
-1.0 0.16644846468022043
-1.0 0.24757356583641077
-1.0 0.7765690040626237
-1.0 0.29505745690472884
-1.0 0.1716977127744337
-1.0 0.12612337953543737
-1.0 0.310270216481079
-1.0 0.3311786463762171
-1.0 0.7157753283466166
-1.0 0.12913950195425253
-1.0 0.3236580717915458
-1.0 0.3018135557738186
-1.0 0.2406498828733668
-1.0 0.27637713273657916
-1.0 0.4580435277261799
-1.0 0.8052610962237998
-1.0 0.18301015055431288
-1.0 0.27330789165885605
-1.0 0.110767897141811
-1.0 0.23444853750791644
-1.0 0.5001132952139791
-1.0 0.4636859916899434
-1.0 0.22995327854224185
-1.0 0.19608313080798587
-1.0 0.1476296883759659
-1.0 0.22118251790205623
-1.0 0.17875633395105084
-1.0 0.502636985492675
-1.0 0.3196199558220077
-1.0 0.3931502504014456
-1.0 0.14020997914272265
-1.0 0.3174074297294201
-1.0 0.5928219250476522
-1.0 0.5672535324298787
-1.0 0.2827744299465961
-1.0 0.1001616742246129
-1.0 0.141837752524261
-1.0 0.1476871939565398
-1.0 0.38506990776423583
-1.0 0.365471254954992
-1.0 0.23851604896114031
-1.0 0.22896173337767517
-1.0 0.860037592416156
-1.0 0.8238611148494348
-1.0 0.11902160384956638
-1.0 0.1686173611815756
-1.0 0.6563931106850925
-1.0 0.3118143933625414
-1.0 0.26444444484296753
-1.0 0.2467370121797352
-1.0 0.41187758273112063
-1.0 0.9360508276424893
-1.0 0.15060950848272417
-1.0 0.1921027167654347
-1.0 0.2396242069187936
-1.0 0.2642937644711099
-1.0 0.20529220713012067
-1.0 0.4520254725172087
-1.0 0.35316644576943945
-1.0 0.15673404070557878
-1.0 0.36843108551874754
-1.0 0.4411425748949424
-1.0 0.8669186512709012
-1.0 0.27662424559768645
-1.0 0.2302952886071752
-1.0 0.5584648737099186
-1.0 0.15593470566399487
-1.0 0.11017994276624861
-1.0 0.15240788617890078
-1.0 0.12526560545701484
-1.0 0.23740501815945195
-1.0 0.20889882066160248
-1.0 0.6880749118162699
-1.0 0.18789393285284364
-1.0 0.3121408306405279
-1.0 0.57666990555205
-1.0 0.11386151185157528
-1.0 0.2270834719651659
-1.0 0.6142885714283416
-1.0 0.2781246257650314
-1.0 0.153814535472522
-1.0 0.23234795941365077
-1.0 0.26185716866198283
-1.0 0.11469381007668732
-1.0 0.2034219832526134
-1.0 0.6280563941589495
-1.0 0.493441361800041
-1.0 0.1814367783447104
-1.0 0.3490013356468172
-1.0 0.6915487146072605
-1.0 0.2746133854676487
-1.0 0.2085478063496142
-1.0 0.1818336152857188
-1.0 0.3997874315540691
-1.0 0.25730699936573753
-1.0 0.6285885336460433
-1.0 0.15357844139795546
-1.0 0.2256897886930826
-1.0 0.1972235771620007
-1.0 0.22743289503843747
-1.0 0.15647433277318257
-1.0 0.5675898561742352
-1.0 0.246137838838369
-1.0 0.133726383235089
-1.0 0.30587282871986776
-1.0 0.498836950276985
-1.0 0.3236929865386979
-1.0 0.21124239852917778
-1.0 0.17645247203164305
-1.0 0.7370056352208435
-1.0 0.33546577133012745
-1.0 0.6712341336869969
-1.0 0.13447599610663524
-1.0 0.24998245551432158
-1.0 0.3963561145652427
-1.0 0.19434942660545068
-1.0 0.1207233568213962
-1.0 0.13991353048581381
-1.0 0.3131696186315594
-1.0 0.24193408843413688
-1.0 0.12396638381522486
-1.0 0.19382222375364344
-1.0 0.4581434496457893
-1.0 0.14029110574703368
-1.0 0.4416056814611579
-1.0 0.17496499408138125
-1.0 0.2505139499725655
-1.0 0.2670830096673133
-1.0 0.20364458308650701
-1.0 0.6960839258418853
-1.0 0.221670322919334
-1.0 0.5800277652297414
-1.0 0.1261644779466287
-1.0 0.11302710238674803
-1.0 0.1769643122970059
-1.0 0.5426042567272137
-1.0 0.15570284572226098
-1.0 0.3798322536531797
-1.0 0.5504475398651247
-1.0 0.09426207507534588
-1.0 0.8217689633581173
-1.0 0.26180365161234176
-1.0 0.13153149726240157
-1.0 0.19462147792311887
-1.0 0.1436189583778159
-1.0 0.7081811284225135
-1.0 0.25119246197408085
-1.0 0.42066471386573834
-1.0 0.2553163050218317
-1.0 0.1761670243931837
-1.0 0.3222862847381546
-1.0 0.48245384159186844
-1.0 0.18501891614032467
-1.0 0.9019767883885745
-1.0 0.17836761118952846
-1.0 0.1912790332329769
-1.0 0.5925947708689473
-1.0 0.15390277601656763
-1.0 0.6993141214682161
-1.0 0.7157399367059044
-1.0 0.4078211214979095
-1.0 0.15060665060112852
-1.0 0.16595778651452203
-1.0 0.9131080431101012
-1.0 0.346660187980587
-1.0 0.8793450857686185
-1.0 0.8675856772917245
-1.0 0.1957090846764911
-1.0 0.1606262155974397
-1.0 0.5549264446710601
-1.0 0.3287942297450198
-1.0 0.6663084882353755
-1.0 0.2454772910365359
-1.0 0.45163182510106614
-1.0 0.6550850145160234
-1.0 0.1815832467049213
-1.0 0.16228795220638634
-1.0 0.41511551892231324
-1.0 0.10790767786581873
-1.0 0.580625781214081
-1.0 0.6012445829764824
-1.0 0.12590471939550238
-1.0 0.2335622320572352
-1.0 0.19900803236947293
-1.0 0.6549163900522592
-1.0 0.21579320029892438
-1.0 0.188433680899225
-1.0 0.18989905168306181
-1.0 0.15212804478233177
-1.0 0.4578046059303043
-1.0 0.6520626403977705
-1.0 0.5132136012706663
-1.0 0.24526736429096427
-1.0 0.2511315392703004
-1.0 0.44482621759417845
-1.0 0.1334308881225285
-1.0 0.11030211886183357
-1.0 0.35568965112089146
-1.0 0.4838505376720171
-1.0 0.8883834020119025
-1.0 0.5134154231940274
-1.0 0.4775764966965227
-1.0 0.22888304740029
-1.0 0.7801136137709872
-1.0 0.521376964071302
-1.0 0.39444892280208466
-1.0 0.2869037096743179
-1.0 0.28728921951303416
-1.0 0.15778091713580195
-1.0 0.1623689021481006
-1.0 0.22338315246260176
-1.0 0.541289869668333
-1.0 0.6556623526472352
-1.0 0.35139002385080287
-1.0 0.13359157722050546
-1.0 0.21774934092877665
-1.0 0.7088164628071134
-1.0 0.9106722312393122
-1.0 0.5351563533206223
-1.0 0.30294397229974485
-1.0 0.1299912182896337
-1.0 0.4197772131029481
-1.0 0.7303144514751913
-1.0 0.7469617373764095
-1.0 0.8810362857211779
-1.0 0.18041480039951802
-1.0 0.21902088340704706
-1.0 0.7725772519777967
-1.0 0.8099692884522004
-1.0 0.37162479545808835
-1.0 0.8600630317066641
-1.0 0.3805212924488592
-1.0 0.7318677438602501
-1.0 0.13950262030922655
-1.0 0.22703836683896436
-1.0 0.9583182582087473
-1.0 0.30710717276773414
-1.0 0.29280463029009035
-1.0 0.37101427022078604
-1.0 0.1775755246106736
-1.0 0.48264735173822026
-1.0 0.3045938694487325
-1.0 0.39057835166519067
-1.0 0.4704387375119533
-1.0 0.14689217732911905
-1.0 0.22642412109152626
-1.0 0.5186989682434899
-1.0 0.3416587722896577
-1.0 0.46047199484523604
-1.0 0.23056202207981583
-1.0 0.14455677151724108
-1.0 0.1274788508527722
-1.0 0.6675539073208547
-1.0 0.699228803476547
-1.0 0.2266015999377167
-1.0 0.11792457357547473
-1.0 0.16294534989147472
-1.0 0.24002007341531065
-1.0 0.37189557636192383
-1.0 0.2381995330092168
-1.0 0.3521315045332142
-1.0 0.3443901352525218
-1.0 0.21920890283737443
-1.0 0.6474539900666453
-1.0 0.2316733067507439
-1.0 0.30289749614047573
-1.0 0.18221646722222232
-1.0 0.2950626157757541
-1.0 0.32555608767878413
-1.0 0.3701819393455553
-1.0 0.3398170395108822
-1.0 0.8502000962896872
-1.0 0.2284672897272542
-1.0 0.2555983420410525
-1.0 0.25272095871845524
-1.0 0.11015517326484313
-1.0 0.20619033309031537
-1.0 0.6049772557953816
-1.0 0.6615103684686288
-1.0 0.36123485500407887
-1.0 0.1533793140980676
-1.0 0.20983665200710194
-1.0 0.3009170936867979
-1.0 0.13604500561655644
-1.0 0.2142727455212107
-1.0 0.2150090540498842
-1.0 0.696389684283706
-1.0 0.2093999602739938
-1.0 0.27636306176577685
-1.0 0.38683911372925783
-1.0 0.3963293941151659
-1.0 0.39585861671433387
-1.0 0.15056384666586875
-1.0 0.2535310166229266
-1.0 0.11224679825685283
-1.0 0.19231665657040947
-1.0 0.38777485766294834
-1.0 0.1970245671852772
-1.0 0.7431106708609135
-1.0 0.4186179278267869
-1.0 0.2652921879418111
-1.0 0.4748647492552045
-1.0 0.1630345862112033
-1.0 0.14235699923993156
-1.0 0.46438979532620894
-1.0 0.18461947900281608
-1.0 0.2533289738823859
-1.0 0.3675581345693011
-1.0 0.7646754801470309
-1.0 0.1385327646293861
-1.0 0.4749825347014587
-1.0 0.6606670327572168
-1.0 0.21436283247618476
-1.0 0.2505360536408783
-1.0 0.1852973435268075
-1.0 0.22657624813866178
-1.0 0.4052088843119302
-1.0 0.3958886117169309
-1.0 0.7557034828755571
-1.0 0.3559139527231398
-1.0 0.5734652648218557
-1.0 0.34611355651780246
-1.0 0.16584577756771832
-1.0 0.13688639101595687
-1.0 0.14054979268023943
-1.0 0.8260675408247621
-1.0 0.20600005472592028
-1.0 0.1989371737807862
-1.0 0.6864317209732265
