80000 80004 1.0 0.5224848840053072
25999 47719 1.0 0.8866538411585704
33821 40836 1.0 0.6903432773914356
1941 40137 1.0 0.8250654545133379
32747 56454 1.0 0.24260891467949625
46119 50767 1.0 0.45539122647206515
5299 710 1.0 0.6832153375401675
1811 40809 1.0 0.5540114703036718
70297 70312 1.0 0.9370977540370101
46105 50767 1.0 0.6016088804237182
4096 77700 1.0 0.5519033067614058
789 952 1.0 0.21137754120900215
1419 73070 1.0 0.6748761271582023
6391 40132 1.0 0.7446768014205013
34267 37049 1.0 0.8524089151667935
25762 40220 1.0 0.1638988315156887
4099 71135 1.0 0.6707134171492646
36376 40848 1.0 0.7319916769145322
5517 75148 1.0 0.7573283064619477
81323 81357 1.0 0.7561202773259004
4850 38370 1.0 0.42026785224776125
4683 14814 1.0 0.44481174628427317
53 6108 1.0 0.8590203463343634
676 46565 1.0 0.15679319214479986
52783 56539 1.0 0.911850757887446
14637 34937 1.0 0.939951845733256
41115 74992 1.0 0.8446961590804573
17916 46587 1.0 0.6682785055303815
82067 82068 1.0 0.9562057869922006
6266 71602 1.0 0.656684237953929
26529 74994 1.0 0.8221226002244211
14986 49793 1.0 0.56470343361631
15717 29099 1.0 0.8933644723916656
4148 44537 1.0 0.7398527975912872
74755 79684 1.0 0.30964235194751694
45066 52792 1.0 0.25394006178192
3020 14569 1.0 0.8790778539048295
38540 38736 1.0 0.9340340323019275
39961 75547 1.0 0.3235708199216955
44797 53117 1.0 0.5470658435024262
978 3240 1.0 0.8250230700124564
27414 31561 1.0 0.37426100416836333
1863 28559 1.0 0.5564312751147713
11355 30853 1.0 0.9168704446659429
17865 78767 1.0 0.2674017871279207
81030 81045 1.0 0.7880952738462136
55800 52729 1.0 0.7451531057690488
39961 76642 1.0 0.6356440520895263
1324 4310 1.0 0.7672049322188585
18534 41197 1.0 0.47028335317824743
26410 74618 1.0 0.6401811237596099
39908 77644 1.0 0.6527063493189982
14699 20734 1.0 0.3908510572461206
74196 74353 1.0 0.8418777533761806
27414 32777 1.0 0.6882108236599579
28290 82022 1.0 0.7437741763611273
52 31421 1.0 0.5531568242686101
34334 34369 1.0 0.6182956693953037
73593 73594 1.0 0.985941686679224
6079 74977 1.0 0.5357494621294585
35700 35701 1.0 0.9617590676484209
132 39976 1.0 0.5229141013757314
5786 45978 1.0 0.7107728095542342
71536 78530 1.0 0.2649518601727192
32271 35225 1.0 0.40666838708960623
45157 45956 1.0 0.6652652697340659
111 72481 1.0 0.3899900300317568
32643 32797 1.0 0.8520368534276608
28341 49719 1.0 0.8804872700727783
53771 74730 1.0 0.6043252855815989
32349 36584 1.0 0.825726369662739
52824 56318 1.0 0.8528252500417095
2125 46443 1.0 0.22511832411010996
199 38370 1.0 0.4045708666150511
32043 74096 1.0 0.2593492053323669
31579 72481 1.0 0.28695911254183376
2837 36015 1.0 0.4737268767403067
38231 38844 1.0 0.3693730842028804
39713 39721 1.0 0.8225847963542475
56253 56257 1.0 0.8652180647830185
32172 36662 1.0 0.7651469119107103
44379 44984 1.0 0.6697628691846971
33638 81130 1.0 0.5904472018348036
14814 31908 1.0 0.3172156722651742
4581 41278 1.0 0.5422364303447743
17240 38189 1.0 0.8503791970979225
746 39447 1.0 0.37834733808774973
17436 74448 1.0 0.3552725746118963
16227 16967 1.0 0.7259159998447231
26385 32329 1.0 0.5550238393522371
5727 19182 1.0 0.3883793978650104
17989 46105 1.0 0.4667530859180851
32259 32643 1.0 0.9015001243936391
18399 38431 1.0 0.28517378209430916
17440 17850 1.0 0.6341103610254861
46725 46994 1.0 0.6148736565596563
28569 39816 1.0 0.6966786415940022
74788 82086 1.0 0.3434594838248895
16885 16886 1.0 0.9451645312152145
1158 1184 1.0 0.6441687419736284
41829 29099 1.0 0.6503071582830824
36217 74188 1.0 0.5530961086442564
46443 82049 1.0 0.2384183554190575
1679 72436 1.0 0.37801849600351756
28578 72772 1.0 0.3726434129561149
44772 45609 1.0 0.8441860465897008
16708 16886 1.0 0.9493779575847475
7140 6933 1.0 0.9393487993279573
5505 39149 1.0 0.6080597526961938
114 205 1.0 0.647164451998396
31699 76825 1.0 0.8718094685208092
45336 45337 1.0 0.5494272828703926
81121 34710 1.0 0.9314164886482169
34923 52852 1.0 0.4631431744792845
39894 40120 1.0 0.2816817835447491
15680 17129 1.0 0.6328684830492107
28337 46746 1.0 0.5594056538965243
38995 39003 1.0 0.790261528418207
15006 77980 1.0 0.46759169878792034
9900 50032 1.0 0.6965213802029555
39718 46181 1.0 0.5870316490178444
41450 15917 1.0 0.3335731806145067
28464 28465 1.0 0.9848924846938537
46395 24 1.0 0.34728203016330605
1391 62271 1.0 0.2294912399069159
12327 30853 1.0 0.3955822270040679
32020 36679 1.0 0.25859461484676605
26318 26983 1.0 0.5632938362628858
27879 40124 1.0 0.7817249837679485
81835 82065 1.0 0.8745028578509387
2091 72481 1.0 0.44427727675374096
1750 1761 1.0 0.9625067016807909
46812 47252 1.0 0.8751073096683494
52 26031 1.0 0.8226915351659747
35391 34141 1.0 0.8909465258809462
26470 27034 1.0 0.9505102905066846
2146 6060 1.0 0.5329426636880523
5757 365 1.0 0.9647485450207545
15426 15651 1.0 0.8324033953783541
39801 62271 1.0 0.2806158115325322
28172 62245 1.0 0.6260689765979784
44766 52826 1.0 0.33768838388212313
40966 41008 1.0 0.9372293775834651
683 5170 1.0 0.48827735200497396
1056 39937 1.0 0.8040064126220285
32417 24 1.0 0.691128326308635
1179 31209 1.0 0.25532979113418
40124 62587 1.0 0.6155785379751255
31421 32349 1.0 0.6491538606029489
56317 54238 1.0 0.28643179283212006
40848 77330 1.0 0.8356974835533882
5675 44344 1.0 0.7450469423228712
78235 78392 1.0 0.9392595565471934
1693 62271 1.0 0.2279803229331493
5674 77845 1.0 0.44163109722965893
26350 36924 1.0 0.16897032138084006
44379 44888 1.0 0.5209286124917797
2838 35291 1.0 0.2265986132243277
1811 77504 1.0 0.7691758155700915
71536 71637 1.0 0.6244752921715726
788 952 1.0 0.2118912838026224
14784 14376 1.0 0.8727928498398289
5863 27513 1.0 0.3993414871831169
36161 36924 1.0 0.6275119463689264
27563 81264 1.0 0.8551945955833179
6493 31126 1.0 0.7188391003526812
45819 45821 1.0 0.6636138735898568
23313 37362 1.0 0.8202743609572316
15935 36916 1.0 0.6663661810886987
6049 39366 1.0 0.8139268925679414
36584 39691 1.0 0.8227145342713772
6358 28443 1.0 0.547567285155568
33653 46157 1.0 0.7417172500509029
5037 39782 1.0 0.600846334549686
5 74099 1.0 0.5733626230226134
32797 36866 1.0 0.8302941801800438
33638 81141 1.0 0.4625638342721739
64431 64434 1.0 0.9345264233054509
45277 45278 1.0 0.8911121594510033
1750 1737 1.0 0.9726537924233625
36774 36784 1.0 0.8924807958761435
46443 50765 1.0 0.7809547464933572
34914 34168 1.0 0.557676440632342
32684 32747 1.0 0.7179734821406367
73951 74109 1.0 0.8576590952600531
31418 44262 1.0 0.17495484016358978
9788 44494 1.0 0.38390164152329753
19473 31421 1.0 0.25462767612524934
3792 53915 1.0 0.8385807287836543
36161 76722 1.0 0.6552717728978115
786 4037 1.0 0.5130258818619791
23439 74596 1.0 0.4812333071575112
1863 39881 1.0 0.31487647893110576
38887 39433 1.0 0.723076947575385
1372 40397 1.0 0.8733086145877939
28632 31156 1.0 0.69291828996552
34117 39637 1.0 0.8610419257610082
36161 36929 1.0 0.6921099603818001
17865 72060 1.0 0.6116000826354827
16 39891 1.0 0.8857084851803022
20521 15757 1.0 0.544317049413073
16224 16786 1.0 0.9180931455903715
34160 34168 1.0 0.5730615007868165
28552 73792 1.0 0.8706168494439326
1404 39807 1.0 0.4937600867642356
36139 36344 1.0 0.9568993546379209
43793 55800 1.0 0.5491796784225011
1699 40126 1.0 0.8413561775873271
32268 36724 1.0 0.47403978403602093
32271 44513 1.0 0.5764021951721017
4584 4601 1.0 0.9628822676336505
36161 39670 1.0 0.6690793620455593
21186 25866 1.0 0.5818937466464486
6267 71605 1.0 0.5505360014366606
19473 39691 1.0 0.41984131277513326
36059 34141 1.0 0.6472336952880776
6548 38903 1.0 0.6942168447646371
32320 32622 1.0 0.7827532036187199
47204 74189 1.0 0.5853221085056417
5475 38461 1.0 0.19178184780087196
23338 62437 1.0 0.738173579637635
82010 82022 1.0 0.9621428699090053
40523 72574 1.0 0.47146049088782566
1256 31852 1.0 0.6175848572809776
32312 36899 1.0 0.23868633948333304
23338 28036 1.0 0.4377851830486766
3321 32065 1.0 0.7616168426373735
62704 62705 1.0 0.7561171590294449
45146 45164 1.0 0.7557029836863431
5767 368 1.0 0.9809097573761179
81264 81327 1.0 0.9730635259617016
33 32323 1.0 0.8364785042524228
28983 77486 1.0 0.8933807133745305
3808 53916 1.0 0.8345134799034117
40914 77703 1.0 0.7344742573640078
46692 46695 1.0 0.7061101317801952
46975 46746 1.0 0.865266822196333
1391 1693 1.0 0.9733074806051132
199 4888 1.0 0.4901187367427604
261 26419 1.0 0.6779808685955705
665 40369 1.0 0.6598654874583034
5390 71044 1.0 0.5729969332812443
3776 2406 1.0 0.5517396922181561
34712 39700 1.0 0.590428692664844
45019 45020 1.0 0.9398755856779395
27874 31646 1.0 0.9037424002507344
5508 39154 1.0 0.4917489277464745
31588 31589 1.0 0.9835441731966732
34712 39699 1.0 0.7528968822631148
18224 36932 1.0 0.444903566283962
31561 32777 1.0 0.27273647925057976
6028 62190 1.0 0.37206797570796796
38540 38738 1.0 0.5204873311653923
22350 43826 1.0 0.2502981401356385
71601 71602 1.0 0.9402786952258645
25320 25321 1.0 0.15137767540008337
29134 30603 1.0 0.7804992164613653
15099 20734 1.0 0.8366768675590542
1651 40120 1.0 0.92038538937103
77769 77859 1.0 0.760739083407855
14915 29099 1.0 0.8765315242967894
58003 58004 1.0 0.3610127882170668
4789 71938 1.0 0.8577573513232037
46395 29099 1.0 0.5372921994482115
36664 49546 1.0 0.697163542142853
40599 40690 1.0 0.8890847833726769
15006 71486 1.0 0.4484087603052425
21843 24149 1.0 0.3674397920390859
39062 74942 1.0 0.7905295452146943
71426 71476 1.0 0.8656448036841049
30674 9137 1.0 0.7015570039447122
18597 37381 1.0 0.17940541548085398
3779 28746 1.0 0.6160282255967202
6293 27428 1.0 0.8756500197433731
17865 39759 1.0 0.595838632294568
32273 36933 1.0 0.35105358839361295
28547 32383 1.0 0.5893485850978065
353 642 1.0 0.6395139449268578
4170 77985 1.0 0.7400222004246102
46394 62309 1.0 0.6964804447406175
15917 46528 1.0 0.8607971384088535
31554 58216 1.0 0.6718728791684764
4784 28337 1.0 0.5775058152229393
39528 54026 1.0 0.18274275056709535
4750 39266 1.0 0.3080390468257241
14944 21643 1.0 0.9006164062096168
46772 18115 1.0 0.372719235865255
46361 46746 1.0 0.7048208531928354
16115 72825 1.0 0.6494290283436805
1699 77287 1.0 0.5812766392578633
6537 81254 1.0 0.6086264710666135
47157 49795 1.0 0.8217299472885041
28422 81835 1.0 0.19098247261720275
76666 76673 1.0 0.6665970380665642
44984 45018 1.0 0.5061916580117058
4576 46665 1.0 0.34036525961949476
45453 45590 1.0 0.92051600956982
71015 71135 1.0 0.7813373381273274
36366 36627 1.0 0.6288856639305451
66 559 1.0 0.770500287201671
2216 1655 1.0 0.8212402640673585
5 49916 1.0 0.6799781210088169
32589 57013 1.0 0.15108666367102247
71788 72772 1.0 0.4339596624707368
81353 81463 1.0 0.8075666631042985
2158 77486 1.0 0.670530369480652
53934 53021 1.0 0.8176174040791537
70925 71535 1.0 0.7582901349478702
28642 46665 1.0 0.21813838574806868
26217 27504 1.0 0.8384131922437654
35579 36900 1.0 0.7151739952491772
52 32985 1.0 0.4691150849972137
16617 30388 1.0 0.2323021158458072
872 882 1.0 0.9524352068871874
1583 2130 1.0 0.4800030233826885
2125 5475 1.0 0.7072447789374918
2125 38461 1.0 0.18366817768882288
32779 77703 1.0 0.5472178907610037
4416 39878 1.0 0.17068133570933594
32302 37226 1.0 0.5890616225172755
47133 47719 1.0 0.764415488467663
41450 46528 1.0 0.4047413553146746
36613 39154 1.0 0.5947875094533982
319 36870 1.0 0.24103075498477625
15688 25157 1.0 0.8914077793757562
4093 32067 1.0 0.7075119867127434
39699 77584 1.0 0.42482425775286975
9900 15013 1.0 0.6385278204718597
50565 74888 1.0 0.5427474323259607
36009 40057 1.0 0.5742583511128744
28141 74810 1.0 0.432385163688087
32643 36866 1.0 0.8608351115789492
2617 81881 1.0 0.3082822035481165
5460 40083 1.0 0.2935912762289964
71164 71714 1.0 0.8950671529759742
16995 21497 1.0 0.8734201925951347
5499 5711 1.0 0.5054759358597534
19341 31396 1.0 0.3453712873494962
26579 77410 1.0 0.7766829605063201
28077 75007 1.0 0.45258634886348137
62655 77683 1.0 0.1883580171704236
44978 45019 1.0 0.9203303251688144
1737 1761 1.0 0.9765970035921828
28210 78001 1.0 0.5892964650067459
32428 34712 1.0 0.8026841263978954
17788 22074 1.0 0.9164837241395994
127 26699 1.0 0.7146529391288344
28560 39881 1.0 0.2722912089095515
29226 70203 1.0 0.47844687366375005
32754 36023 1.0 0.3599142622068616
76 39637 1.0 0.7223616674799334
5740 62190 1.0 0.3068490997545604
21843 39534 1.0 0.4011881315305358
35312 72782 1.0 0.44022070278480896
36691 36525 1.0 0.8170002101529461
3 17226 1.0 0.7214856553524326
38461 82049 1.0 0.21479822779731458
554 39757 1.0 0.3555315792470513
32349 39691 1.0 0.8486521683981516
28882 28909 1.0 0.9787567336659436
17227 18264 1.0 0.3675114369970906
26406 77602 1.0 0.7444036157000283
72155 72158 1.0 0.9111601398239859
32239 40988 1.0 0.7843942421759105
788 62190 1.0 0.11547170987582801
2092 4960 1.0 0.9547794738206096
2682 39286 1.0 0.37876921959053783
27879 62587 1.0 0.628619582669029
32985 36584 1.0 0.4031915478822682
603 39954 1.0 0.8547236131055475
44829 53364 1.0 0.3285466015868853
26349 39594 1.0 0.12424166243246261
34914 39291 1.0 0.7371635979879648
3827 5024 1.0 0.8408393123268083
5740 6028 1.0 0.9046632474995076
14568 25999 1.0 0.49645744373339784
741 62213 1.0 0.6544687837475327
18636 35209 1.0 0.7349821224169202
32694 39636 1.0 0.4989522224080662
50565 77526 1.0 0.4961191108570836
19473 32349 1.0 0.40878089251021166
2395 24 1.0 0.672821141042734
863 35433 1.0 0.5335070150071942
49916 74099 1.0 0.9039888483211015
32217 41008 1.0 0.4865114241308594
4683 31908 1.0 0.5253630474588888
928 1793 1.0 0.9183124903376048
2120 28957 1.0 0.23347916151167017
32213 49969 1.0 0.2668580554997393
40384 81831 1.0 0.4810170098584095
14662 23773 1.0 0.8994723617201953
31421 36584 1.0 0.6286182476920036
45018 45279 1.0 0.5316194578947102
73942 73943 1.0 0.8501152328602208
49709 50505 1.0 0.9677861203315318
2669 37381 1.0 0.45009449000024027
13235 56256 1.0 0.5611863439640484
32123 74860 1.0 0.7550883074982716
31667 62587 1.0 0.8066619095457357
6251 31542 1.0 0.8770907809661547
31421 74804 1.0 0.7588768978860393
5839 74833 1.0 0.5202199040635925
46439 46612 1.0 0.9027163413739409
46394 79686 1.0 0.6624201013506403
32266 32797 1.0 0.9744787897500649
2971 34707 1.0 0.49715631494323526
2906 40523 1.0 0.15650478255886616
22187 19632 1.0 0.7556985148898555
26350 36161 1.0 0.22054821858153628
44888 45279 1.0 0.70324162993251
35446 34714 1.0 0.6218855603921597
2158 28983 1.0 0.7602528670598283
19614 14904 1.0 0.9718369091764354
28166 74810 1.0 0.89464741878687
39291 39302 1.0 0.6369404850645317
1158 39697 1.0 0.8250472636720808
2091 31579 1.0 0.3327127255150511
37 26328 1.0 0.8156936258436699
43860 73917 1.0 0.6618462471520572
66 4148 1.0 0.6117387528388574
43917 45049 1.0 0.32972024726605914
39957 40404 1.0 0.549817875936893
72863 73072 1.0 0.9487032929106183
71079 71091 1.0 0.9329714274078904
3296 28957 1.0 0.2587883730788773
2682 37444 1.0 0.6911543842514781
14947 24940 1.0 0.3171036866176573
28578 71788 1.0 0.45437858153761945
44241 44366 1.0 0.9325704481205587
50032 70433 1.0 0.30419333849456
44379 45018 1.0 0.420263896695474
44829 55907 1.0 0.6648873955330507
71041 71042 1.0 0.7940729817124303
41209 79667 1.0 0.5318342070312514
27563 81327 1.0 0.45599355267461344
32779 40914 1.0 0.5800701569402577
36597 36694 1.0 0.9645882252477702
1130 39943 1.0 0.5801016261612865
73093 82086 1.0 0.3440722899328846
15717 71143 1.0 0.48371579348143645
1906 4219 1.0 0.2216398373057657
35462 71542 1.0 0.9408965326563777
1391 1392 1.0 0.9728901493044326
30388 46470 1.0 0.43170384357694347
35945 34502 1.0 0.6522490362828399
134 1673 1.0 0.8356190542104268
5786 45980 1.0 0.5765120893286532
2056 2193 1.0 0.8200934093634923
18426 18427 1.0 0.8197041020424318
6358 40370 1.0 0.40987483495977756
789 6028 1.0 0.3741256937237356
26334 36754 1.0 0.46959631875642804
2511 36649 1.0 0.7650304677711898
39787 81870 1.0 0.33955819115470404
36 21371 1.0 0.7334387804436153
1692 40528 1.0 0.6768934055433051
71938 73792 1.0 0.8551764915023787
17989 50767 1.0 0.5233499032628959
20196 22859 1.0 0.7114914943237952
36662 49546 1.0 0.816814152122197
31932 39055 1.0 0.26908207436028236
1704 6065 1.0 0.8037332787937475
199 4850 1.0 0.811527399322771
32586 36740 1.0 0.3382431023796554
111 395 1.0 0.8584312611541719
33802 33868 1.0 0.8306466306303685
38917 77695 1.0 0.640441744626826
40032 77584 1.0 0.27633543994443327
18597 39264 1.0 0.1643551199073067
2503 36008 1.0 0.0876878546471319
28337 46975 1.0 0.2760073320241194
813 40419 1.0 0.26726472703656234
39089 39455 1.0 0.541015220731465
1184 81249 1.0 0.5011746397169451
29099 24 1.0 0.7468767500357065
26384 31154 1.0 0.6185007294868793
49747 49748 1.0 0.9330879923654031
20757 31709 1.0 0.5430336715766438
34489 43908 1.0 0.31605957344776414
72315 71938 1.0 0.6498218078283554
24621 20755 1.0 0.10914353956389253
3022 53759 1.0 0.707580259739751
522 40016 1.0 0.4750721157986302
81323 81463 1.0 0.8347542327700052
53451 71614 1.0 0.1137070799783518
40107 81957 1.0 0.5599039392670728
31505 77313 1.0 0.8993973755422251
35989 54715 1.0 0.2981573798746356
36378 39089 1.0 0.7074454836182648
22072 16726 1.0 0.8110349831801109
62309 79686 1.0 0.5541409974112327
32710 32725 1.0 0.5228549248453532
72099 78089 1.0 0.8404822287625753
864 26138 1.0 0.20962023092926307
46419 46636 1.0 0.8783882419632945
31594 77449 1.0 0.29308182642356745
26321 26350 1.0 0.22788002071951738
35869 46177 1.0 0.29634944799803764
20022 50743 1.0 0.6562647155367215
28746 28750 1.0 0.9337598737489383
71486 77980 1.0 0.6162431573042213
46700 77841 1.0 0.7565205862499605
21640 53888 1.0 0.3337920101932208
6266 71601 1.0 0.819859004312548
15013 70433 1.0 0.2812677627268901
24760 43845 1.0 0.7792303116564575
57153 55926 1.0 0.7910057899820466
14568 47133 1.0 0.5615318989256979
46692 46694 1.0 0.8649175488254665
197 34709 1.0 0.44436558068253734
46578 46579 1.0 0.881124656343758
32266 36866 1.0 0.9279120998624718
40806 77506 1.0 0.8376991520940351
34284 38640 1.0 0.5805168709087736
1567 4148 1.0 0.18689700731260336
45062 47169 1.0 0.3156373770796129
13236 31419 1.0 0.1970917653883253
28989 74850 1.0 0.6680768451900467
26031 74804 1.0 0.9087477028280675
40821 40828 1.0 0.9811412595990464
55885 60357 1.0 0.6754328722300538
3025 2406 1.0 0.8414186658013302
39724 71058 1.0 0.7874846490835001
16335 22768 1.0 0.9444049473636401
16630 31727 1.0 0.7222499032503497
31374 71836 1.0 0.83175156527995
46694 46695 1.0 0.7399763483210684
21496 35879 1.0 0.9269083429295606
1158 39883 1.0 0.8639963679046785
36060 36668 1.0 0.4589000151753572
31237 31837 1.0 0.6361382485083005
174 34707 1.0 0.2545868356221916
25732 16025 1.0 0.7191876842257866
15128 17726 1.0 0.8618284451279548
36161 36151 1.0 0.7582901179751734
6362 45866 1.0 0.7984219081221431
2922 2951 1.0 0.7373264650681958
5863 41097 1.0 0.6345173054545626
26500 31266 1.0 0.3979206917873019
34735 38439 1.0 0.7774474146064891
28559 39881 1.0 0.5395916160920985
32124 39668 1.0 0.899416272783589
55685 55689 1.0 0.5532642461732116
45334 45338 1.0 0.802308202979511
26310 28021 1.0 0.887196715971955
28414 74522 1.0 0.6893709820895212
2969 32611 1.0 0.7653802127234125
18087 22290 1.0 0.9504772503405757
39691 74804 1.0 0.8553849228715361
2857 74978 1.0 0.6510156968104
14915 2395 1.0 0.7582901158710924
28300 74375 1.0 0.9202776648957467
46494 10109 1.0 0.6942740549194434
39759 78767 1.0 0.28129915046538895
80001 80002 1.0 0.7030914628285702
605 40213 1.0 0.4143100360652366
50449 48827 1.0 0.8438599745184425
28181 35273 1.0 0.6584650494363098
39883 81249 1.0 0.7809788361941887
80000 80002 1.0 0.7863659672244319
20246 31908 1.0 0.35067880721193606
28290 82010 1.0 0.8435205037238177
35023 41292 1.0 0.1256104778377902
1054 39826 1.0 0.7405096805275864
31929 32248 1.0 0.662575345271279
32684 36301 1.0 0.3538066269403833
44859 44865 1.0 0.28864748919269934
32003 38891 1.0 0.6661750281786778
75146 81957 1.0 0.43781850678417233
19473 74804 1.0 0.4248977202710338
16439 19280 1.0 0.7534491496774173
17215 20518 1.0 0.4384622698406094
40107 75146 1.0 0.30002598067477976
32028 54023 1.0 0.719807082774617
4316 27348 1.0 0.49846034705857706
1861 14476 1.0 0.6880358638984343
81433 81592 1.0 0.8986556217926707
36924 36930 1.0 0.8134799949552767
62231 77644 1.0 0.7105002503397504
1268 4169 1.0 0.803360854481161
19473 32985 1.0 0.4761320956585951
2125 50765 1.0 0.19447578981514388
5435 77379 1.0 0.610902857134679
32309 36191 1.0 0.7578927018837155
32660 35923 1.0 0.7697898079527767
15998 46695 1.0 0.8144695666923137
81206 81415 1.0 0.9417790356191983
14568 47719 1.0 0.6129852129134864
52 32349 1.0 0.7857500633821136
649 32011 1.0 0.16649751163345128
28552 40047 1.0 0.8922815796550609
80002 80004 1.0 0.68015729198849
72896 73838 1.0 0.5351105867697924
81130 81141 1.0 0.840103981850985
2343 49740 1.0 0.622308887274565
26350 36151 1.0 0.2100897468159883
40055 40379 1.0 0.8700018961083196
28337 46361 1.0 0.4662037490436397
75499 75834 1.0 0.9385594390164749
32905 77845 1.0 0.4718557509833486
28291 40154 1.0 0.5838953341278161
6010 16284 1.0 0.16178764289789285
26523 74942 1.0 0.7173228126205957
15764 14596 1.0 0.7531235352147077
50217 31056 1.0 0.5271371983009903
28141 31123 1.0 0.34747619052358514
26576 38586 1.0 0.6483759146771967
16310 16311 1.0 0.916529967054004
33868 36870 1.0 0.4147925889691004
33822 40849 1.0 0.7010440132892874
32182 39797 1.0 0.8399845895041266
26725 39162 1.0 0.5667411271447965
44766 54302 1.0 0.4600617154056812
81206 81207 1.0 0.9724643154883112
28067 62503 1.0 0.8554053301460558
32172 49546 1.0 0.7126515275144472
14913 14894 1.0 0.8476405345720754
45336 45338 1.0 0.7635381904579928
5616 5620 1.0 0.7206015506688467
26104 75131 1.0 0.7313996658601624
32777 74731 1.0 0.77438919031276
53190 57548 1.0 0.6428480708361838
6408 36663 1.0 0.5951728181290384
14625 29102 1.0 0.7460937886104068
45151 45212 1.0 0.7891023758756882
374 1372 1.0 0.6204722670893953
4888 38370 1.0 0.8189217755895931
39751 39757 1.0 0.718911338091798
27513 41097 1.0 0.6289095089277815
2067 26417 1.0 0.47389429268267796
74711 74722 1.0 0.967242357803257
38736 38738 1.0 0.7183372540195665
6057 39953 1.0 0.333856925154886
39035 53959 1.0 0.26408622115661085
3016 77854 1.0 0.3816281610294818
40384 75270 1.0 0.6132683098246471
44987 45001 1.0 0.698159722539633
5508 36613 1.0 0.8654925851429589
15545 15901 1.0 0.9695829033521093
36151 36929 1.0 0.8507580289814028
13043 30857 1.0 0.6369963075857937
4170 47058 1.0 0.3352496586053146
28166 31123 1.0 0.6122645254043908
114 35312 1.0 0.5218954441299234
28500 73917 1.0 0.674246390223613
32349 74804 1.0 0.758254129230576
28036 62437 1.0 0.7200719468577118
37444 39007 1.0 0.8740933470715335
31554 56148 1.0 0.583046822316499
1392 62271 1.0 0.14712765696762914
15459 15833 1.0 0.7521961939507561
31314 32344 1.0 0.6449645199813638
32985 39691 1.0 0.4885586499050001
1392 39801 1.0 0.8460745093701486
32242 32982 1.0 0.6246105975921867
25321 35977 1.0 0.17137336037491685
436 40512 1.0 0.6002593260696983
976 1602 1.0 0.9128031661462074
864 74744 1.0 0.445446744814837
44379 45279 1.0 0.4714130162604313
773 5759 1.0 0.7469901997362471
32541 36801 1.0 0.663393690175657
34858 38375 1.0 0.8449693594772856
45953 53460 1.0 0.5166238100380219
49740 50528 1.0 0.6462239823816028
32071 39521 1.0 0.79607782299393
16288 46994 1.0 0.5689079543246286
6229 28778 1.0 0.8401439077034428
17005 25898 1.0 0.5609791528240878
39812 62357 1.0 0.6751770386053403
329 4037 1.0 0.8339053826358812
2682 39007 1.0 0.7855079124056157
5475 50765 1.0 0.22642707948539417
1287 4160 1.0 0.7176420086812635
169 40074 1.0 0.7267481114074661
40032 81941 1.0 0.5473756520783866
31905 32697 1.0 0.7578064294445833
32172 36664 1.0 0.6550172107051169
35532 39639 1.0 0.6652157557034097
395 72481 1.0 0.5387744280172743
5442 16784 1.0 0.5200697101471298
1860 28552 1.0 0.8234252852539564
32309 36900 1.0 0.40303941292423984
26031 31421 1.0 0.7425101192924957
44984 45279 1.0 0.6493687041839075
2343 49649 1.0 0.38715013727631054
36662 36664 1.0 0.9199793567375343
25894 25898 1.0 0.4127176700769289
73681 81888 1.0 0.3955108656298493
16163 63446 1.0 0.7083362998285171
32451 39516 1.0 0.7337529816120756
46466 46494 1.0 0.972124940220688
47140 57162 1.0 0.5817002635948595
26321 36929 1.0 0.7397588850500713
38461 46443 1.0 0.19359901395242374
53364 55907 1.0 0.5769905392978691
36699 39260 1.0 0.6551305017362572
2821 40154 1.0 0.8118969487861556
39007 39286 1.0 0.7534265047626028
49636 50907 1.0 0.8787498486194981
952 6028 1.0 0.869413920942849
35269 28848 1.0 0.3491852298370394
31980 32268 1.0 0.6780858861941771
44874 53771 1.0 0.6072036962404471
121 40117 1.0 0.7701703914701392
40047 71938 1.0 0.9062261509291027
26138 74744 1.0 0.6287220217206902
18398 32571 1.0 0.7444065904860631
205 35312 1.0 0.1958131209020774
5619 71015 1.0 0.48231381262910655
49740 78739 1.0 0.8361619749004403
27879 31667 1.0 0.8672175731980325
19265 31428 1.0 0.5270819309757715
22674 39799 1.0 0.7216077677338422
51051 72562 1.0 0.41100534785935783
26314 77909 1.0 0.8219453086554281
31561 74731 1.0 0.336394173404251
36917 39467 1.0 0.6583838874743467
550 39758 1.0 0.8169148488498035
36370 71465 1.0 0.5182518204260559
5475 46443 1.0 0.3806972755996719
81323 81353 1.0 0.9731982734761547
96 32116 1.0 0.7451565707401537
71747 73386 1.0 0.8241536341790549
1958 22869 1.0 0.46856551556307596
6279 39349 1.0 0.43063914272048265
16149 39505 1.0 0.562997081558521
45334 45337 1.0 0.6010775098521676
939 71940 1.0 0.3196005504835249
822 27590 1.0 0.6893557675370531
71727 71731 1.0 0.8675018767332503
35263 36932 1.0 0.4866462221340893
31093 31132 1.0 0.6651694750238344
31421 39691 1.0 0.6413663139625602
17480 39528 1.0 0.7536374868315364
31506 77324 1.0 0.847607233319341
52870 52965 1.0 0.9292079295757786
26350 36929 1.0 0.2845730287344794
5474 6362 1.0 0.9301255631302787
24620 24621 1.0 0.26880272815673756
32779 33800 1.0 0.5582632284296571
39759 72060 1.0 0.718668237031479
45337 45338 1.0 0.5781696459654904
32428 39700 1.0 0.7864217921574405
32004 32059 1.0 0.8870458255418238
45501 45518 1.0 0.8629101336560403
45789 45419 1.0 0.7367385588164003
1782 40021 1.0 0.682402854207554
6053 39099 1.0 0.8457275976852745
789 62190 1.0 0.1504685942165777
71398 77720 1.0 0.20375730496253483
1860 73792 1.0 0.816536925452445
62205 74375 1.0 0.756021765942169
4641 39419 1.0 0.778621323989963
31824 33807 1.0 0.4652905371993177
5227 6958 1.0 0.7936697103236774
27414 74731 1.0 0.7417302918107297
4840 4886 1.0 0.8433264767477451
27666 40755 1.0 0.8527386135560621
1968 2038 1.0 0.8238716606116984
58176 58216 1.0 0.8246804327286513
26230 74992 1.0 0.7662534251682737
3323 3365 1.0 0.869929305364987
44675 62220 1.0 0.5790543954860456
36346 34714 1.0 0.7442028017691865
736 62214 1.0 0.774917749092394
7537 31709 1.0 0.5897649068815624
1685 62526 1.0 0.7440551991296579
53014 57146 1.0 0.8142443661008741
4512 14398 1.0 0.46296456176705125
70882 70920 1.0 0.9732591853553797
18632 21258 1.0 0.8768445176452376
16455 74596 1.0 0.554282635058229
788 5740 1.0 0.2621067462306525
40824 77937 1.0 0.6265703017381988
44874 74730 1.0 0.6977914500382157
32968 32974 1.0 0.9598371119698204
28717 70873 1.0 0.4000277948500969
32519 35372 1.0 0.7354831195623035
32520 32586 1.0 0.8289716038024099
36654 39370 1.0 0.5919990614550137
73817 75532 1.0 0.24843197420562838
93 39854 1.0 0.8140265744314872
37444 39286 1.0 0.46623867065327185
45060 46427 1.0 0.5255603615511943
5898 39035 1.0 0.5451889976511655
15013 50032 1.0 0.49629100914894325
43722 43729 1.0 0.758290129505431
950 40523 1.0 0.6575857123464421
53 6107 1.0 0.5077913750257932
3184 34079 1.0 0.1515539276899275
32035 32509 1.0 0.7478402848464181
35516 44272 1.0 0.6039547229330874
39880 71938 1.0 0.6764854627184158
15429 16888 1.0 0.7051086393868781
17209 45557 1.0 0.4040933184329011
28818 77741 1.0 0.477660334038842
40809 77504 1.0 0.8318940547788568
1391 39801 1.0 0.92344154893108
32664 35909 1.0 0.8769899537215385
32438 33653 1.0 0.46233464151254056
31123 74810 1.0 0.5214511759204682
32643 32266 1.0 0.9312131542394944
1038 35659 1.0 0.2644605871437586
5619 71135 1.0 0.757751859379385
1863 28560 1.0 0.8209527189979935
38461 50765 1.0 0.15307851673029715
24620 20755 1.0 0.5127615796591538
4683 20246 1.0 0.3626589049025022
35500 71490 1.0 0.8863108392970741
35446 36346 1.0 0.8675122203352504
4099 5646 1.0 0.7582821249006265
16568 17127 1.0 0.9384123924201134
39069 74942 1.0 0.5435418703840685
28559 28560 1.0 0.9797611613543208
62252 75126 1.0 0.3704564804603158
39699 40032 1.0 0.8789185784369639
19859 49965 1.0 0.42343319824220066
11169 11176 1.0 0.6668028099653143
74581 74406 1.0 0.9402622208539742
27530 28021 1.0 0.3451476239568105
5744 36808 1.0 0.6348557478238501
53460 56754 1.0 0.6405263430376064
25117 23242 1.0 0.9276328448572295
4917 31926 1.0 0.4335258228177121
40937 74978 1.0 0.6606889418863228
14915 24 1.0 0.8156604118340205
5996 28827 1.0 0.5905501184969493
6040 74253 1.0 0.8075713704570788
550 77367 1.0 0.6034556898244028
34078 46699 1.0 0.19184495080480987
32020 39074 1.0 0.5253744708613438
43097 43372 1.0 0.9299287386168136
71563 20755 1.0 0.7582460033206431
32568 35306 1.0 0.9209798801560609
36584 74804 1.0 0.7998169609009323
25558 37518 1.0 0.868554143130688
46287 71626 1.0 0.5457614102893427
32259 32658 1.0 0.8909167294549583
45934 45936 1.0 0.8781377988033783
31537 62214 1.0 0.8619123975818608
329 786 1.0 0.6639074088969137
44978 45020 1.0 0.9507979220686736
15717 41829 1.0 0.6800446230338685
31421 32985 1.0 0.3929603967673668
28136 28172 1.0 0.8412130587763526
14699 15099 1.0 0.4702706034890956
3244 4107 1.0 0.806053015621269
36195 39030 1.0 0.5563209342388022
36192 39035 1.0 0.5078727342115191
17893 37253 -1.0 0.14310054165503067
5898 75140 -1.0 0.39656321756240315
18399 32905 -1.0 0.1871089875480291
413 32697 -1.0 0.6611481880027354
1794 1978 -1.0 0.5688180024386238
31315 38736 -1.0 0.8808475895368911
38614 40379 -1.0 0.33153013075872423
52820 54186 -1.0 0.8763201557210758
4347 16368 -1.0 0.16197867563138674
28341 28559 -1.0 0.47926018485998645
5658 17150 -1.0 0.13396349179540215
43783 55122 -1.0 0.6691151374161513
4354 76649 -1.0 0.39628469701262015
37043 74609 -1.0 0.17018514791041675
863 27241 -1.0 0.5327176308221573
18225 18227 -1.0 0.6971940178821837
169 75148 -1.0 0.6847889064308171
4512 31579 -1.0 0.256977382448976
21496 44287 -1.0 0.5281183380773784
15454 71615 -1.0 0.2830364239669395
199 32113 -1.0 0.627683222195234
32043 45967 -1.0 0.20693585075318435
16163 40512 -1.0 0.19594317872355654
31826 36008 -1.0 0.14345722384638318
22713 53362 -1.0 0.15213608613387597
36874 39000 -1.0 0.38800764208041716
36933 53955 -1.0 0.33042236206543485
1833 77419 -1.0 0.14071021605468878
4969 74995 -1.0 0.3866806026852045
1750 40419 -1.0 0.2885647634491511
43952 73898 -1.0 0.2406923316263524
32417 74755 -1.0 0.4074316466876317
5744 73917 -1.0 0.24042336477470214
35689 39392 -1.0 0.6316938780518748
32025 72637 -1.0 0.2094187475768366
9788 43902 -1.0 0.12642149145765452
72769 75533 -1.0 0.14928026382986315
5616 81030 -1.0 0.13907279978226278
32312 34267 -1.0 0.8117386448375284
1038 23351 -1.0 0.10375870557980006
121 39026 -1.0 0.3053513704911467
788 38868 -1.0 0.1666144641067474
16995 17511 -1.0 0.2206390788971585
19699 72436 -1.0 0.43415084799191495
38342 44709 -1.0 0.25340509621706886
26481 32711 -1.0 0.8475353271519871
41276 71135 -1.0 0.5439813196542129
5482 21231 -1.0 0.17259690355694765
24621 43902 -1.0 0.12317377021140162
17449 21103 -1.0 0.587934918987372
44537 62471 -1.0 0.3225894163703115
14964 23366 -1.0 0.45685980167237644
33115 81883 -1.0 0.5469107710021096
39044 78105 -1.0 0.5134561978885214
16762 77664 -1.0 0.3155655138890963
44571 77976 -1.0 0.5367396601805368
35269 36870 -1.0 0.31104235693209503
28909 36613 -1.0 0.6716612884556648
32417 46702 -1.0 0.16881891522455422
6228 30857 -1.0 0.16145880451008696
23827 36370 -1.0 0.11140003772146378
2946 36576 -1.0 0.2934892181366933
2158 17845 -1.0 0.4368246602593923
770 772 -1.0 0.7849084763650002
38740 48827 -1.0 0.20547196662522607
17941 32992 -1.0 0.27522420082446714
34921 39118 -1.0 0.15418305196730372
1049 72206 -1.0 0.6394685895846475
93 445 -1.0 0.3755593199990091
223 75405 -1.0 0.1989019131980157
44775 46636 -1.0 0.3062436804818219
46708 62422 -1.0 0.3814428384058911
39238 39448 -1.0 0.8904573404988717
1737 40467 -1.0 0.2366308992698293
30241 39896 -1.0 0.47730447436433654
2395 50824 -1.0 0.22262765106110147
31980 39075 -1.0 0.2301186274838459
18399 39291 -1.0 0.225747979310124
41253 41279 -1.0 0.4900295370808879
25036 39015 -1.0 0.1232690215700319
37108 52786 -1.0 0.15475177940328816
38323 46395 -1.0 0.19768021002852323
20910 35059 -1.0 0.17835393847606848
228 2916 -1.0 0.3656882814718986
44906 53460 -1.0 0.941655134534215
1372 1374 -1.0 0.44022497357619517
53855 79020 -1.0 0.2979721099720759
15619 47232 -1.0 0.21584286396857771
73846 77315 -1.0 0.37366808106649907
4145 38999 -1.0 0.24558816311212917
41197 21643 -1.0 0.19464562256722592
4100 78101 -1.0 0.298442425477219
2126 31428 -1.0 0.7450806207945542
1444 6429 -1.0 0.3544374916939184
2203 27200 -1.0 0.6874394067319892
9788 71476 -1.0 0.10930778855627583
32217 40018 -1.0 0.32469271002329303
6493 44409 -1.0 0.6727552568395204
38600 77141 -1.0 0.29439678363120636
44537 46730 -1.0 0.4027563411361225
33859 77466 -1.0 0.8141688027597098
5029 6266 -1.0 0.8612664804630442
3025 28848 -1.0 0.840894165293195
28788 34177 -1.0 0.22898067709609468
15410 77315 -1.0 0.5039533485575747
22353 73918 -1.0 0.1262338250131725
53857 79020 -1.0 0.1750793445557549
2680 18597 -1.0 0.20483130544212727
522 15768 -1.0 0.26406293983752027
35253 45946 -1.0 0.2964216186793133
46723 76047 -1.0 0.8928028801262305
21652 30953 -1.0 0.17140124776909846
2343 70920 -1.0 0.39042676353681943
5692 33610 -1.0 0.7833017210342
1968 44978 -1.0 0.45906023506931837
4342 39954 -1.0 0.24231323445338818
43880 44840 -1.0 0.8756549575486183
46266 51702 -1.0 0.31716971743285705
1854 5075 -1.0 0.252021611230766
32309 32628 -1.0 0.8670853716205246
32438 32448 -1.0 0.601320018659467
5499 70985 -1.0 0.23902362873690391
21213 34181 -1.0 0.24253086124810797
228 1978 -1.0 0.5567551382751046
35532 52792 -1.0 0.24147181439399226
23714 37236 -1.0 0.13656422434296006
2922 27112 -1.0 0.14646532643551255
4310 35700 -1.0 0.28599129601793016
4316 74188 -1.0 0.6529068199502712
29021 40838 -1.0 0.5974342435404858
4968 74994 -1.0 0.872310479876164
1739 28632 -1.0 0.30309899270035734
14959 40117 -1.0 0.3165100996266773
36527 38736 -1.0 0.8038472582604154
4100 54857 -1.0 0.20738614215616824
40175 40720 -1.0 0.4714086384017543
36195 6930 -1.0 0.329996791977505
39528 57162 -1.0 0.45364298801210584
4396 55459 -1.0 0.16218697731457485
32340 54996 -1.0 0.11962838451345524
15874 35945 -1.0 0.21987302634314615
28455 32160 -1.0 0.5725519786377387
28500 49996 -1.0 0.5995018044684098
39896 72766 -1.0 0.3781929986164045
62205 71728 -1.0 0.2904491429832555
24590 37253 -1.0 0.12468187465196263
1501 74189 -1.0 0.4164869618216743
2564 71626 -1.0 0.13153377484486173
3518 21294 -1.0 0.2701607185720079
39119 40767 -1.0 0.8691523490239587
39053 56062 -1.0 0.2045654343628169
5834 35663 -1.0 0.6481435470091638
55190 58002 -1.0 0.3205948853058568
2861 77287 -1.0 0.3046679756112834
57151 55926 -1.0 0.7858376807473263
32981 35121 -1.0 0.35478177456906834
32032 39119 -1.0 0.7962597828913051
39637 40345 -1.0 0.49823131820511113
24581 63347 -1.0 0.19531106734132267
40050 50051 -1.0 0.3884459251293247
81605 81358 -1.0 0.9259048488532792
1613 3025 -1.0 0.20938937006574154
32992 45967 -1.0 0.20373139239140553
28985 32108 -1.0 0.49397063573096595
957 72240 -1.0 0.259207868835891
3820 3296 -1.0 0.275452429243121
26764 74748 -1.0 0.7738272228876699
127 71731 -1.0 0.14612199359900876
329 72086 -1.0 0.39692778198507495
26409 49932 -1.0 0.3995554172055315
6554 32055 -1.0 0.5592467127571006
40419 74465 -1.0 0.28081272833270315
41883 43375 -1.0 0.4638841616334687
38229 38875 -1.0 0.6709131748701989
2255 20252 -1.0 0.1809152667563042
44494 70312 -1.0 0.22565170909257976
46564 77854 -1.0 0.37867891813897175
16976 62682 -1.0 0.11388666134784349
5760 17227 -1.0 0.2923380664543032
77668 77669 -1.0 0.7274364378685506
6040 2357 -1.0 0.8896425348605052
15688 82113 -1.0 0.1734195814123687
23350 36698 -1.0 0.4993964020047101
24590 36155 -1.0 0.26085687251901013
46140 71938 -1.0 0.3948835640584601
77304 77937 -1.0 0.4136454051595349
39241 75380 -1.0 0.3244060995309965
1836 24240 -1.0 0.7197944943565232
34178 50824 -1.0 0.24087530981881108
6057 39738 -1.0 0.4301538550557437
36045 39053 -1.0 0.22017774284568908
553 24952 -1.0 0.12760828148467243
1021 40032 -1.0 0.3323837967767638
46470 15917 -1.0 0.5820674647822633
44065 46612 -1.0 0.2836452936049694
55134 53075 -1.0 0.7815089727719814
26419 73817 -1.0 0.39082338499143615
16688 39594 -1.0 0.11715735226609564
26318 76763 -1.0 0.45003716654864423
40402 72060 -1.0 0.39206700276890827
15447 16046 -1.0 0.1644918282507711
39775 77662 -1.0 0.8577014206992701
14568 46439 -1.0 0.46200691400295135
2503 18225 -1.0 0.09804365844890638
1038 39932 -1.0 0.6437961817643623
62220 70489 -1.0 0.5825964621047808
23577 43375 -1.0 0.11943672577181509
74775 78894 -1.0 0.4367674154054514
32267 58359 -1.0 0.30452133650633695
45955 74353 -1.0 0.5391104952556586
2564 50141 -1.0 0.13705322866060168
36924 37054 -1.0 0.8206011907205698
4099 2395 -1.0 0.32646136016468674
28746 45214 -1.0 0.24090274409333498
3015 55885 -1.0 0.1737504728458701
5620 81045 -1.0 0.1363992686734437
26248 38911 -1.0 0.6129300365216714
2687 73807 -1.0 0.41069263108332693
30241 70969 -1.0 0.18596790743046102
205 21443 -1.0 0.22709184777929087
665 72769 -1.0 0.25602083157037064
44941 55907 -1.0 0.46577178254644475
19808 43976 -1.0 0.14363484055300607
31379 44224 -1.0 0.7149420302250532
16065 15837 -1.0 0.3428928971922054
2883 23397 -1.0 0.22296350254703207
6321 36576 -1.0 0.42745333412769093
31852 31998 -1.0 0.4634456532712591
19545 74786 -1.0 0.27084292286994194
40447 43865 -1.0 0.19190553819211253
31238 73095 -1.0 0.27574827309000605
38461 43375 -1.0 0.1562960727762708
3962 74192 -1.0 0.18499017796666592
56754 74196 -1.0 0.378205626338782
36359 71489 -1.0 0.39436211672298394
35700 49583 -1.0 0.15899125986047036
24951 40220 -1.0 0.14413333163808847
28794 32031 -1.0 0.4159216643926052
20121 22999 -1.0 0.5828768856948944
3640 6124 -1.0 0.905712331917211
32417 70969 -1.0 0.3010836339853591
21320 79020 -1.0 0.21148725061224177
580 26983 -1.0 0.12941583855712147
134 6372 -1.0 0.7307114968299325
32241 35923 -1.0 0.22556433502256648
6321 77419 -1.0 0.1372864105085306
3 36584 -1.0 0.26137674666469546
5024 45946 -1.0 0.41908665130574785
32426 39697 -1.0 0.8319938694875908
19624 72282 -1.0 0.14114081303989717
14990 17667 -1.0 0.6061552982367777
4161 6380 -1.0 0.5260600487325932
16065 31284 -1.0 0.1595513041187722
10298 43820 -1.0 0.16600938904916068
720 863 -1.0 0.4452590804726449
15344 16432 -1.0 0.4452491844961005
16578 81093 -1.0 0.2224190020637344
34836 81870 -1.0 0.32586831357182805
1000 39249 -1.0 0.748021607094674
1782 58141 -1.0 0.2892714367559008
4310 53959 -1.0 0.6612354872561881
18227 35023 -1.0 0.13040267764384925
5836 71486 -1.0 0.4025504032377763
31999 5567 -1.0 0.7604006689675546
17106 27112 -1.0 0.17259622340231442
1501 33805 -1.0 0.48482082383014885
21081 45609 -1.0 0.13778961726046124
4107 4957 -1.0 0.8521399927003916
19105 39718 -1.0 0.13753100827492956
16688 26349 -1.0 0.5373771554176419
37043 41125 -1.0 0.15029147027202186
34709 82061 -1.0 0.8570219300807185
40900 77132 -1.0 0.7611366533995874
5727 34139 -1.0 0.4419352539556281
4977 46142 -1.0 0.22629727970780822
1968 44539 -1.0 0.4609136691099443
6284 39724 -1.0 0.5910779836303662
31441 45144 -1.0 0.23153682832284714
42588 81357 -1.0 0.16911150066131794
28851 32664 -1.0 0.6287772850846565
45956 74097 -1.0 0.2505027070480461
28166 55907 -1.0 0.8387078646887081
972 39804 -1.0 0.41330366474166796
31335 39637 -1.0 0.30250587252123673
31824 32295 -1.0 0.7637283656234977
31267 31686 -1.0 0.24985800016257928
22117 53750 -1.0 0.3637982362346642
31053 29398 -1.0 0.4625118640672701
1093 2021 -1.0 0.23681690045198997
957 6536 -1.0 0.5998425658463356
43372 50090 -1.0 0.4546728527695926
5898 45453 -1.0 0.20779923615996718
1651 1863 -1.0 0.4705495186696354
23873 42034 -1.0 0.15321955476712446
40832 76642 -1.0 0.49814912273763945
4832 32974 -1.0 0.24757130138299022
6063 24850 -1.0 0.1507906189503818
1179 39286 -1.0 0.39050298616171114
31729 52786 -1.0 0.14296494240904892
14974 47232 -1.0 0.2114036160275784
32096 36868 -1.0 0.5711092659285206
55739 56751 -1.0 0.29836117347189955
72778 74553 -1.0 0.2039055547064117
46589 72854 -1.0 0.1586422180062515
32723 53797 -1.0 0.16406788544716358
5824 33601 -1.0 0.525422905115117
383 36698 -1.0 0.5673688750754614
4802 4898 -1.0 0.6373651728923976
17152 26085 -1.0 0.3117531552448106
1561 34858 -1.0 0.2422149612071144
52869 55785 -1.0 0.7677182515712673
5760 18264 -1.0 0.3328906262518239
1444 40222 -1.0 0.23678641162861463
1562 1604 -1.0 0.28980185644876816
23714 74133 -1.0 0.19098454531380377
43885 47082 -1.0 0.4184838772694597
68521 74500 -1.0 0.12361760106116487
603 17674 -1.0 0.10515707403376946
56751 73975 -1.0 0.16646785748920512
1776 2861 -1.0 0.5304784109998754
27253 39710 -1.0 0.17314992479377966
31584 33857 -1.0 0.8036365630738215
32031 33821 -1.0 0.47166813537238467
32295 34670 -1.0 0.5247362599005547
71728 74375 -1.0 0.32303750529035535
40540 81831 -1.0 0.4758250604880401
765 34712 -1.0 0.4982914799523542
605 31745 -1.0 0.12402480689234328
34489 77470 -1.0 0.33203322392349327
16925 75093 -1.0 0.14213877393620572
345 15837 -1.0 0.18404886595973868
28341 28560 -1.0 0.21857673601743086
1656 49333 -1.0 0.5272030619162196
16428 16433 -1.0 0.26243052672237405
758 32029 -1.0 0.7420010372308011
28186 31592 -1.0 0.3571256144547208
15948 53259 -1.0 0.17262943438816628
39240 75380 -1.0 0.26173508162254455
32020 62704 -1.0 0.1464759039558696
38917 39175 -1.0 0.5867415439938398
2543 18754 -1.0 0.5516140671059789
26328 44513 -1.0 0.2754592293788072
35551 46157 -1.0 0.9235649392879197
4532 31932 -1.0 0.5240065112456278
2919 70985 -1.0 0.1295293288808623
39239 74746 -1.0 0.35162860054642625
17288 45012 -1.0 0.1082628193785894
758 25951 -1.0 0.14883113125098305
2956 42233 -1.0 0.09046118946534892
2503 71158 -1.0 0.2625506319115762
32179 33857 -1.0 0.8494206803263178
24176 37240 -1.0 0.1775369176890589
19681 77676 -1.0 0.30742846884763514
23195 43890 -1.0 0.148163608766579
315 71698 -1.0 0.5515679489920887
36846 37374 -1.0 0.8105329827698544
415 1750 -1.0 0.22590129912038828
45002 72854 -1.0 0.1656784054221954
32340 43829 -1.0 0.18808877261365886
21573 32711 -1.0 0.14949325257411464
15813 62669 -1.0 0.27968455382449753
40419 74425 -1.0 0.37712702637215845
353 36083 -1.0 0.5353596873033001
28412 32344 -1.0 0.23735474109673232
26743 36971 -1.0 0.3788003872301389
71788 77528 -1.0 0.5031909663201478
21211 54316 -1.0 0.12825899056470252
1400 27118 -1.0 0.21744324878126403
1835 2503 -1.0 0.8144372667154348
770 3822 -1.0 0.5860459898522163
3857 26909 -1.0 0.4030169218040119
53451 73812 -1.0 0.18208282863937747
3792 22839 -1.0 0.09588301631582592
33873 46503 -1.0 0.5665265486723512
16323 40238 -1.0 0.12061078378900711
34160 39799 -1.0 0.27797796681234066
57151 57153 -1.0 0.5627804488263968
45134 81433 -1.0 0.34741489435288325
18894 62246 -1.0 0.25729348732105023
32665 70952 -1.0 0.3470123676209041
2707 37381 -1.0 0.26433073958597636
4646 27341 -1.0 0.6986443361491524
14589 29226 -1.0 0.37672188762609626
76 54259 -1.0 0.3313750697943783
813 18427 -1.0 0.1353040861754518
3025 26349 -1.0 0.16761996420842556
2905 21657 -1.0 0.10164373056916028
39688 41164 -1.0 0.4728314651024085
42472 45137 -1.0 0.13810789963842754
36572 56564 -1.0 0.163877263349783
2120 28750 -1.0 0.4189088770330575
4998 28973 -1.0 0.40286758207639417
16951 36191 -1.0 0.1652123863024961
53859 56233 -1.0 0.5520502384817908
6341 33857 -1.0 0.8976019156369324
32137 46026 -1.0 0.32237360867312836
5995 70996 -1.0 0.7570079362101906
25894 82113 -1.0 0.16060222480962072
25327 74448 -1.0 0.35807405777916446
31238 32340 -1.0 0.556411770632185
33807 38379 -1.0 0.21223055302463883
15304 24548 -1.0 0.3910382714144146
14964 72180 -1.0 0.2616263813352076
51208 77486 -1.0 0.17912986393410965
38342 43860 -1.0 0.2580832907670189
2084 43990 -1.0 0.20931625409929464
1767 40707 -1.0 0.48007119037462537
15837 38769 -1.0 0.3930365742559578
28036 36788 -1.0 0.5737748699366666
4652 36870 -1.0 0.2439473119347057
4000 6267 -1.0 0.5516584672828294
24514 39521 -1.0 0.16314793439854655
17171 21028 -1.0 0.507305247464005
32375 44028 -1.0 0.2776853319980407
16787 16788 -1.0 0.18483012211376154
4342 603 -1.0 0.18352493293839353
456 22967 -1.0 0.11415820443558454
16311 73846 -1.0 0.17815545283316975
35676 46848 -1.0 0.22642061572903524
2232 40578 -1.0 0.20909054137173083
830 1467 -1.0 0.2351944727340683
742 3296 -1.0 0.48136286988052635
19105 46181 -1.0 0.13892772929960506
319 46975 -1.0 0.18519814509457694
23729 32980 -1.0 0.13325686898707595
28788 74553 -1.0 0.3660095285964368
77515 77719 -1.0 0.7363888482686408
16917 18687 -1.0 0.9068752265544318
39687 40125 -1.0 0.6986326365836495
16062 47044 -1.0 0.6308993606101
20798 22072 -1.0 0.2590754241409975
31506 36875 -1.0 0.5933705215276356
4358 16368 -1.0 0.16038829779624192
4518 45020 -1.0 0.1249024205657877
1937 41095 -1.0 0.15429319294533353
71512 71513 -1.0 0.7803707913657867
22350 45146 -1.0 0.1764022181317808
26206 46791 -1.0 0.14272142389879705
33817 81883 -1.0 0.20743519823328777
772 3810 -1.0 0.4217640631597846
28790 81249 -1.0 0.44097510754609287
40074 75148 -1.0 0.5163562443212167
1562 17197 -1.0 0.11444133618366785
36819 77726 -1.0 0.7062421169489723
62105 62106 -1.0 0.5125176353680968
22052 64431 -1.0 0.13347523905960956
40219 40222 -1.0 0.8732420354054162
71727 74375 -1.0 0.23688879641997507
15304 35605 -1.0 0.1118760221152602
433 36522 -1.0 0.25878253478002344
261 75532 -1.0 0.5791419865872854
28788 78550 -1.0 0.30256182023945355
32104 74015 -1.0 0.5413426355044603
40998 71465 -1.0 0.20755925181458632
30388 46290 -1.0 0.14793471524024948
2232 4648 -1.0 0.4431852930786279
14915 77644 -1.0 0.4288588116823157
15764 45557 -1.0 0.3181167849660902
36082 40767 -1.0 0.61954726800138
1007 1602 -1.0 0.7076771336528648
26261 38891 -1.0 0.2387329171821407
32523 50056 -1.0 0.7343956328928333
40095 46142 -1.0 0.22605038074274073
32268 39699 -1.0 0.5183755400852427
433 2951 -1.0 0.39363059226648345
34712 36724 -1.0 0.25506626241182034
49581 62406 -1.0 0.1799488022916352
75131 77936 -1.0 0.39396169113260526
36313 54126 -1.0 0.5828818569383059
39505 61250 -1.0 0.17467748552185555
31238 34585 -1.0 0.4036328340926285
62309 79694 -1.0 0.3100257579099481
1562 18894 -1.0 0.20214310778525338
5893 56564 -1.0 0.14586448093307994
21573 32271 -1.0 0.13113283085334745
1782 2560 -1.0 0.5859872829855464
1794 18227 -1.0 0.13161299775511798
32770 56938 -1.0 0.7001354256431688
1179 31409 -1.0 0.26333910812216316
44031 47719 -1.0 0.2320465097983773
41318 20755 -1.0 0.19260917505544467
53 14462 -1.0 0.2564638670005952
2166 16217 -1.0 0.19596254349794415
17450 45124 -1.0 0.18725720920643552
31761 36161 -1.0 0.4390222748379695
580 4998 -1.0 0.3135210949614841
1655 58004 -1.0 0.31219942800627765
109 39012 -1.0 0.3423296679712222
14944 18534 -1.0 0.3703406333630514
15429 69808 -1.0 0.13433046235127982
32522 50056 -1.0 0.4123455505470484
43902 70297 -1.0 0.16631721547386635
85 32841 -1.0 0.3943268007336665
46819 72778 -1.0 0.18808661058172296
40732 74804 -1.0 0.580869839452576
45133 77676 -1.0 0.13909221250464737
22073 30562 -1.0 0.5449135319851034
4582 77909 -1.0 0.5578364664597861
720 35433 -1.0 0.4131916944416362
5460 23730 -1.0 0.31974023042331084
31822 41278 -1.0 0.23883236715209383
3243 4148 -1.0 0.7594161697604644
345 17065 -1.0 0.15853668886897748
16449 34138 -1.0 0.1838810722168527
16951 77489 -1.0 0.14583672404617165
40126 39539 -1.0 0.5872543072139766
5634 6233 -1.0 0.5028905750035912
39670 47232 -1.0 0.1722121436130118
32765 46730 -1.0 0.24228264783661893
15128 32629 -1.0 0.3422144951498509
25894 51078 -1.0 0.280684959862789
37020 37362 -1.0 0.5462210103449389
6079 39539 -1.0 0.5951793790376236
3792 46290 -1.0 0.15739317768378727
38190 50768 -1.0 0.2480018447317627
33805 32623 -1.0 0.6998677823753289
2951 27112 -1.0 0.1697517899498511
17127 17128 -1.0 0.4609677742357476
31609 77339 -1.0 0.5075312961118004
39026 71838 -1.0 0.2883209377341038
25898 51078 -1.0 0.4765624674520092
32905 58148 -1.0 0.16644846468022043
39012 39130 -1.0 0.24757356583641077
972 40055 -1.0 0.7765690040626237
37111 56062 -1.0 0.29505745690472884
31335 39130 -1.0 0.1716977127744337
17518 36189 -1.0 0.12612337953543737
19681 21573 -1.0 0.310270216481079
2158 31265 -1.0 0.3311786463762171
864 33789 -1.0 0.7157753283466166
3184 56357 -1.0 0.12913950195425253
45967 74000 -1.0 0.3236580717915458
4784 33868 -1.0 0.3018135557738186
16903 54495 -1.0 0.2406498828733668
1528 36009 -1.0 0.27637713273657916
28746 35809 -1.0 0.4580435277261799
35978 36774 -1.0 0.8052610962237998
32905 47133 -1.0 0.18301015055431288
19173 39721 -1.0 0.27330789165885605
34812 72608 -1.0 0.110767897141811
2503 76647 -1.0 0.23444853750791644
39700 15998 -1.0 0.5001132952139791
57947 72618 -1.0 0.4636859916899434
21311 46821 -1.0 0.22995327854224185
3025 73817 -1.0 0.19608313080798587
17837 39637 -1.0 0.1476296883759659
14567 39055 -1.0 0.22118251790205623
4275 71486 -1.0 0.17875633395105084
1833 6321 -1.0 0.502636985492675
29028 31523 -1.0 0.3196199558220077
36716 38999 -1.0 0.3931502504014456
15932 35572 -1.0 0.14020997914272265
3184 46699 -1.0 0.3174074297294201
5834 6014 -1.0 0.5928219250476522
3296 28746 -1.0 0.5672535324298787
21259 28661 -1.0 0.2827744299465961
22052 77468 -1.0 0.1001616742246129
22839 41450 -1.0 0.141837752524261
45002 50824 -1.0 0.1476871939565398
14485 34858 -1.0 0.38506990776423583
46692 54857 -1.0 0.365471254954992
36618 71282 -1.0 0.23851604896114031
2143 58029 -1.0 0.22896173337767517
51876 53012 -1.0 0.860037592416156
27590 34670 -1.0 0.8238611148494348
19486 32117 -1.0 0.11902160384956638
39291 58148 -1.0 0.1686173611815756
746 31931 -1.0 0.6563931106850925
62682 79020 -1.0 0.3118143933625414
24621 70297 -1.0 0.26444444484296753
501 49719 -1.0 0.2467370121797352
723 5029 -1.0 0.41187758273112063
39908 51210 -1.0 0.9360508276424893
5478 16065 -1.0 0.15060950848272417
4351 62699 -1.0 0.1921027167654347
18085 18086 -1.0 0.2396242069187936
39840 75405 -1.0 0.2642937644711099
15196 22174 -1.0 0.20529220713012067
3827 45951 -1.0 0.4520254725172087
43976 72780 -1.0 0.35316644576943945
2838 39467 -1.0 0.15673404070557878
17433 22940 -1.0 0.36843108551874754
44262 45939 -1.0 0.4411425748949424
63325 63327 -1.0 0.8669186512709012
19681 26328 -1.0 0.27662424559768645
26349 34839 -1.0 0.2302952886071752
38917 45034 -1.0 0.5584648737099186
44030 46439 -1.0 0.15593470566399487
22713 32754 -1.0 0.11017994276624861
44987 46589 -1.0 0.15240788617890078
30355 72863 -1.0 0.12526560545701484
1761 29301 -1.0 0.23740501815945195
27780 28713 -1.0 0.20889882066160248
39759 40402 -1.0 0.6880749118162699
2038 44978 -1.0 0.18789393285284364
16213 24149 -1.0 0.3121408306405279
40404 75547 -1.0 0.57666990555205
25036 71651 -1.0 0.11386151185157528
44066 47719 -1.0 0.2270834719651659
1426 28001 -1.0 0.6142885714283416
433 27112 -1.0 0.2781246257650314
42588 45865 -1.0 0.153814535472522
62420 74810 -1.0 0.23234795941365077
16584 41281 -1.0 0.26185716866198283
16005 81835 -1.0 0.11469381007668732
5634 39779 -1.0 0.2034219832526134
548 39111 -1.0 0.6280563941589495
22674 34160 -1.0 0.493441361800041
2209 45847 -1.0 0.1814367783447104
33817 29436 -1.0 0.3490013356468172
14972 47133 -1.0 0.6915487146072605
39204 78448 -1.0 0.2746133854676487
34079 80004 -1.0 0.2085478063496142
16756 37381 -1.0 0.1818336152857188
808 40512 -1.0 0.3997874315540691
16269 32589 -1.0 0.25730699936573753
1818 71078 -1.0 0.6285885336460433
17518 54316 -1.0 0.15357844139795546
40083 33115 -1.0 0.2256897886930826
34921 39260 -1.0 0.1972235771620007
37020 74362 -1.0 0.22743289503843747
1107 77720 -1.0 0.15647433277318257
31864 39668 -1.0 0.5675898561742352
44 38247 -1.0 0.246137838838369
20180 32025 -1.0 0.133726383235089
45144 51262 -1.0 0.30587282871986776
34078 80000 -1.0 0.498836950276985
39566 44286 -1.0 0.3236929865386979
44066 25999 -1.0 0.21124239852917778
40400 62705 -1.0 0.17645247203164305
36788 5567 -1.0 0.7370056352208435
27601 31335 -1.0 0.33546577133012745
26292 77854 -1.0 0.6712341336869969
15310 36924 -1.0 0.13447599610663524
35909 55773 -1.0 0.24998245551432158
27595 32711 -1.0 0.3963561145652427
23714 50032 -1.0 0.19434942660545068
39273 72397 -1.0 0.1207233568213962
16065 37214 -1.0 0.13991353048581381
14565 39738 -1.0 0.3131696186315594
39707 73917 -1.0 0.24193408843413688
29561 42140 -1.0 0.12396638381522486
9888 34670 -1.0 0.19382222375364344
31589 39118 -1.0 0.4581434496457893
70301 71170 -1.0 0.14029110574703368
32571 32974 -1.0 0.4416056814611579
46290 53913 -1.0 0.17496499408138125
19602 18863 -1.0 0.2505139499725655
6752 79020 -1.0 0.2670830096673133
53482 54996 -1.0 0.20364458308650701
31093 31885 -1.0 0.6960839258418853
32210 44366 -1.0 0.221670322919334
44978 6933 -1.0 0.5800277652297414
17289 82064 -1.0 0.1261644779466287
3537 46543 -1.0 0.11302710238674803
18399 31998 -1.0 0.1769643122970059
27710 81839 -1.0 0.5426042567272137
3537 44987 -1.0 0.15570284572226098
14607 30017 -1.0 0.3798322536531797
52806 54669 -1.0 0.5504475398651247
2956 15959 -1.0 0.09426207507534588
1673 40538 -1.0 0.8217689633581173
28300 71728 -1.0 0.26180365161234176
40707 62496 -1.0 0.13153149726240157
37054 60753 -1.0 0.19462147792311887
20689 32025 -1.0 0.1436189583778159
81622 81387 -1.0 0.7081811284225135
11169 71484 -1.0 0.25119246197408085
16943 25351 -1.0 0.42066471386573834
44269 45049 -1.0 0.2553163050218317
31926 72599 -1.0 0.1761670243931837
44514 53955 -1.0 0.3222862847381546
18105 46587 -1.0 0.48245384159186844
45002 46589 -1.0 0.18501891614032467
27115 40756 -1.0 0.9019767883885745
6492 46819 -1.0 0.17836761118952846
21159 43478 -1.0 0.1912790332329769
1833 2946 -1.0 0.5925947708689473
56357 74691 -1.0 0.15390277601656763
39150 39239 -1.0 0.6993141214682161
32250 36313 -1.0 0.7157399367059044
15233 20507 -1.0 0.4078211214979095
43990 72282 -1.0 0.15060665060112852
24721 27590 -1.0 0.16595778651452203
45676 54165 -1.0 0.9131080431101012
50005 73898 -1.0 0.346660187980587
34133 46201 -1.0 0.8793450857686185
294 70885 -1.0 0.8675856772917245
23035 36151 -1.0 0.1957090846764911
21573 26481 -1.0 0.1606262155974397
53750 54437 -1.0 0.5549264446710601
519 36009 -1.0 0.3287942297450198
40197 73802 -1.0 0.6663084882353755
36900 82088 -1.0 0.2454772910365359
33805 36192 -1.0 0.45163182510106614
19699 81996 -1.0 0.6550850145160234
21213 32213 -1.0 0.1815832467049213
2370 50080 -1.0 0.16228795220638634
15099 54446 -1.0 0.41511551892231324
3518 62246 -1.0 0.10790767786581873
223 39840 -1.0 0.580625781214081
31704 75292 -1.0 0.6012445829764824
1926 16085 -1.0 0.12590471939550238
16756 37421 -1.0 0.2335622320572352
11391 21258 -1.0 0.19900803236947293
32342 44538 -1.0 0.6549163900522592
4432 6522 -1.0 0.21579320029892438
38961 40146 -1.0 0.188433680899225
1391 21952 -1.0 0.18989905168306181
6252 15150 -1.0 0.15212804478233177
31594 62444 -1.0 0.4578046059303043
5658 6028 -1.0 0.6520626403977705
6060 40959 -1.0 0.5132136012706663
4148 38379 -1.0 0.24526736429096427
43885 74453 -1.0 0.2511315392703004
44336 71563 -1.0 0.44482621759417845
45114 49748 -1.0 0.1334308881225285
2560 58141 -1.0 0.11030211886183357
6025 26178 -1.0 0.35568965112089146
40588 81881 -1.0 0.4838505376720171
53591 55649 -1.0 0.8883834020119025
983 74774 -1.0 0.5134154231940274
1602 44665 -1.0 0.4775764966965227
24620 70297 -1.0 0.22888304740029
3253 26502 -1.0 0.7801136137709872
23313 37020 -1.0 0.521376964071302
39009 39172 -1.0 0.39444892280208466
33807 47210 -1.0 0.2869037096743179
44775 49740 -1.0 0.28728921951303416
16065 38769 -1.0 0.15778091713580195
15619 43906 -1.0 0.1623689021481006
16311 68521 -1.0 0.22338315246260176
40403 40828 -1.0 0.541289869668333
28882 36613 -1.0 0.6556623526472352
5175 37238 -1.0 0.35139002385080287
2143 77720 -1.0 0.13359157722050546
20252 32213 -1.0 0.21774934092877665
127 74375 -1.0 0.7088164628071134
5689 5691 -1.0 0.9106722312393122
3776 74711 -1.0 0.5351563533206223
755 31761 -1.0 0.30294397229974485
2370 29274 -1.0 0.1299912182896337
36008 36576 -1.0 0.4197772131029481
40998 77976 -1.0 0.7303144514751913
41039 77520 -1.0 0.7469617373764095
34078 34079 -1.0 0.8810362857211779
14614 38190 -1.0 0.18041480039951802
17835 39637 -1.0 0.21902088340704706
18236 17839 -1.0 0.7725772519777967
19883 46492 -1.0 0.8099692884522004
39700 73571 -1.0 0.37162479545808835
25035 19973 -1.0 0.8600630317066641
39700 72884 -1.0 0.3805212924488592
73952 32391 -1.0 0.7318677438602501
35225 77676 -1.0 0.13950262030922655
39232 62702 -1.0 0.22703836683896436
11384 11391 -1.0 0.9583182582087473
2617 30095 -1.0 0.30710717276773414
32137 46528 -1.0 0.29280463029009035
21443 35380 -1.0 0.37101427022078604
35478 58456 -1.0 0.1775755246106736
39878 82059 -1.0 0.48264735173822026
35460 36582 -1.0 0.3045938694487325
331 76840 -1.0 0.39057835166519067
34921 36917 -1.0 0.4704387375119533
36430 54186 -1.0 0.14689217732911905
17965 20151 -1.0 0.22642412109152626
46528 81939 -1.0 0.5186989682434899
14990 63446 -1.0 0.3416587722896577
4148 27112 -1.0 0.46047199484523604
26596 39594 -1.0 0.23056202207981583
49583 71267 -1.0 0.14455677151724108
43829 55513 -1.0 0.1274788508527722
40824 40959 -1.0 0.6675539073208547
4968 40751 -1.0 0.699228803476547
32271 45133 -1.0 0.2266015999377167
1629 34943 -1.0 0.11792457357547473
26447 45066 -1.0 0.16294534989147472
26983 44951 -1.0 0.24002007341531065
28468 73549 -1.0 0.37189557636192383
639 15837 -1.0 0.2381995330092168
36916 37020 -1.0 0.3521315045332142
20097 73817 -1.0 0.3443901352525218
22690 49748 -1.0 0.21920890283737443
34712 81255 -1.0 0.6474539900666453
21259 34041 -1.0 0.2316733067507439
15276 15912 -1.0 0.30289749614047573
16005 56253 -1.0 0.18221646722222232
29279 24 -1.0 0.2950626157757541
786 72086 -1.0 0.32555608767878413
28291 38647 -1.0 0.3701819393455553
14958 30924 -1.0 0.3398170395108822
1344 6275 -1.0 0.8502000962896872
29084 35225 -1.0 0.2284672897272542
40154 46443 -1.0 0.2555983420410525
5658 38868 -1.0 0.25272095871845524
64434 20755 -1.0 0.11015517326484313
4100 46692 -1.0 0.20619033309031537
1409 14701 -1.0 0.6049772557953816
14567 20757 -1.0 0.6615103684686288
3802 53915 -1.0 0.36123485500407887
22839 46026 -1.0 0.1533793140980676
4532 34386 -1.0 0.20983665200710194
37 45133 -1.0 0.3009170936867979
23348 28637 -1.0 0.13604500561655644
26704 34097 -1.0 0.2142727455212107
21231 46142 -1.0 0.2150090540498842
49630 62394 -1.0 0.696389684283706
55739 73975 -1.0 0.2093999602739938
36326 34168 -1.0 0.27636306176577685
2038 6933 -1.0 0.38683911372925783
6495 32213 -1.0 0.3963293941151659
31425 38323 -1.0 0.39585861671433387
16085 26409 -1.0 0.15056384666586875
261 26349 -1.0 0.2535310166229266
1480 18050 -1.0 0.11224679825685283
22174 39799 -1.0 0.19231665657040947
374 39854 -1.0 0.38777485766294834
71801 77451 -1.0 0.1970245671852772
127 17225 -1.0 0.7431106708609135
4066 39816 -1.0 0.4186179278267869
31594 39035 -1.0 0.2652921879418111
96 39270 -1.0 0.4748647492552045
35288 40222 -1.0 0.1630345862112033
16912 46092 -1.0 0.14235699923993156
36738 36774 -1.0 0.46438979532620894
23036 36151 -1.0 0.18461947900281608
29301 39055 -1.0 0.2533289738823859
18670 28907 -1.0 0.3675581345693011
2592 71483 -1.0 0.7646754801470309
18225 41292 -1.0 0.1385327646293861
31355 39682 -1.0 0.4749825347014587
32103 33814 -1.0 0.6606670327572168
26983 43958 -1.0 0.21436283247618476
29279 71135 -1.0 0.2505360536408783
71853 73658 -1.0 0.1852973435268075
4316 32070 -1.0 0.22657624813866178
20710 37385 -1.0 0.4052088843119302
44288 53676 -1.0 0.3958886117169309
28165 28171 -1.0 0.7557034828755571
24820 81957 -1.0 0.3559139527231398
6126 77669 -1.0 0.5734652648218557
45146 73918 -1.0 0.34611355651780246
14415 71842 -1.0 0.16584577756771832
6057 14565 -1.0 0.13688639101595687
17850 41197 -1.0 0.14054979268023943
25976 19095 -1.0 0.8260675408247621
6397 26178 -1.0 0.20600005472592028
32329 54715 -1.0 0.1989371737807862
32451 32831 -1.0 0.6864317209732265
