#featureNum 34
0 70.0583069865979 68.67874029876015
1 22.219587560665666 21.782477615715848
2 2.189120263869399 2.146594726424083
3 5.164091293004281 5.065127838023988
4 84.26104338577022 82.6229001974659
5 8345.235294117705 8196.296073071895
6 4.651623485627555 4.563225341310328
7 3.745608602434835 3.6727548380309307
8 42.73529411764842 41.89593987572389
9 0.0 0.0
10 317.08823529411757 310.8744030485568
11 40.5294117647072 39.73278469938317
12 14.764705882352892 14.480860558269733
13 0.0 0.0
14 7.441176470588212 7.303181559700578
15 0.411764705882353 0.4136473252468807
16 0.44117647058823534 0.44248153749091446
17 0.0 0.0
18 2.1470588235294077 2.1144829928480102
19 0.0 0.0
20 16.872154259096206 16.541608078070208
21 0.34030424284156124 0.3341010276814844
22 6.820383014950355E-4 6.719854597101915E-4
23 26.000000000000515 25.492396355083383
24 0.0 0.0
25 0.0 0.0
26 0.0 0.0
27 16.117647058823483 15.807303953879973
28 14.5882352941176 14.308727192052828
29 15.911764705882302 15.60548993139979
30 16.38235294117644 16.066914011704398
31 17.029411764705884 16.70130930931788
32 15.941176470588184 15.634277531658476
33 0.0 0.0
