#featureNum 34
#minReqd -1.0
#maxReqd 1.0
0 0.5533852381847867 2.5902671654458267
1 0.15384615384615385 0.9333333333333333
2 0.0 0.5496476296106431
3 0.0 0.9117208171292187
4 0.0 11.072612668084629
5 0.0 9342.0
6 0.0 1.0
7 0.0 0.8
8 0.0 4.0
9 0.0 0.0
10 0.0 20.0
11 0.0 2.0
12 0.0 1.0
13 0.0 0.0
14 0.0 1.0
15 0.0 1.0
16 0.0 1.0
17 0.0 0.0
18 0.0 1.0
19 0.0 0.0
20 0.004568616569865138 0.9998375035837138
21 3.705271999999996E-5 0.2419884833899999
22 5.962562570359999E-11 8.417397056953507E-4
23 0.0 1.0
24 0.0 0.0
25 0.0 0.0
26 0.0 0.0
27 0.0 2.0
28 0.0 3.0
29 0.0 3.0
30 0.0 2.0
31 0.0 3.0
32 0.0 3.0
33 0.0 0.0
