#featureNum 31
#minReqd -1.0
#maxReqd 1.0
0 0.5533852381847867 2.995732273553991
1 0.15384615384615385 1.0
2 0.0 0.5496476296106431
3 0.0 0.9007811144848662
4 0.0 11.072612668084629
5 0.0 9342.0
6 0.0 1.0
7 0.0 0.5957446808510638
8 0.0 4.0
9 0.0 0.0
10 0.0 20.0
11 0.0 2.0
12 0.0 1.0
13 0.0 0.0
14 0.0 1.0
15 0.0 1.0
16 0.0 1.0
17 0.0 0.0
18 0.0 1.0
19 0.0 1.0
20 0.0029942345543159756 0.9995105487889285
21 1.4098604799999987E-4 0.24392422932499996
22 8.198954353811004E-10 0.0016183372767416286
23 0.0 1.0
24 0.0 2.0
25 0.0 3.0
26 0.0 3.0
27 0.0 2.0
28 0.0 3.0
29 0.0 3.0
30 0.0 0.0
