04928903 05791764
01220984 04897762
06539770 06652878
00610222 06254669
00409211 13525549
00900726 03173524
05891572 05905348
05099389 13774404
00072261 04694441
05084889 15246353
01231980 07413899
00120202 07350401
13925752 13927383
11505769 11505952
06879521 07213717
06290637 07092356
01041498 13270373
14010636 15271008
08569998 08659446
00158996 07246582
04674715 14526182
08214272 08264897
06646243 07270179
11410625 11453860
07948518 10363913
05937112 10324851
10317007 10371741
07962124 13774404
09228324 13913849
10222949 11085402
00157081 11414608
01172252 07339098
08566028 08566884
05526384 05559908
02687992 08569998
04981139 11480930
09295338 14234074
03704210 06595351
09762509 09906704
04708796 05642175
02991302 02991555
01232684 01232842
06156752 15123996
08274354 08274443
00586262 00721431
00235435 07325190
05107765 13331198
14459824 15267536
07289831 13943968
04931965 05225602
05083200 13913849
07935504 14845743
03398467 08573472
04658106 13980288
02873839 02968333
07324673 13489037
06794666 06795543
08512736 13903387
05855904 06303888
15159583 15179888
03032811 13873917
13327503 14488912
04617289 07289831
09465459 13810323
03222176 03222318
00063014 06490173
00283568 00284798
00279835 11425088
06503724 13405296
03588414 06482401
07654667 09385911
04068976 05010627
04678908 06759349
10163723 10648696
00727500 09904321
08219059 08264897
05836598 05916739
02440250 05564590
00196485 01109467
07302836 13480848
06504462 06763273
00575741 05755883
13614679 13650921
13721387 13721529
13384557 13384877
07368256 15271008
08177592 10461424
01085098 13265425
10407954 10466198
13780719 13812607
07109196 07110457
08274443 08274718
04929976 07138085
00364260 07324917
05099389 07962124
03004146 08318904
00027807 04677514
00521562 07167415
05196375 14441825
07996689 08240169
08324514 08402442
06593803 08458504
08114861 08648322
05793554 13790712
01129920 14515633
04339291 04339638
08077711 08219059
07547805 13980288
13365286 13365698
02153445 05563266
00489475 06618234
03398467 08626080
05949726 06782019
01083077 01112885
13898899 13899200
06648724 06722453
08324514 08325686
04464125 04464211
05868477 07291794
01085098 13285176
04924103 15153787
06798750 07270179
03932203 07654667
03179318 05902327
05108947 13754293
05927813 08435388
00027807 05064037
14289590 14290534
00869583 13524925
04321534 04322387
00240184 05633385
05870916 08441203
02870092 06413666
05650579 05853636
05125377 05623628
00034479 04424218
01176335 13977366
04688246 05850823
01055688 09417097
00147595 00379422
00167278 01166258
07602650 08523483
08481369 13369857
02884011 02884225
00381680 07373602
00007347 07326557
06740402 09178999
00002452 04424418
07307172 15252907
08512736 08565701
08243081 08404549
00354884 14445749
04587648 09480077
00401783 00426928
01232842 08385280
00126236 07301950
05697976 13929852
00157957 11414411
04677514 05064037
01096245 08401554
00403911 04694090
00280586 11425088
09258715 13907272
04559451 07388987
06675122 07258664
00331950 11425088
08568256 14513259
06794666 07270179
05190804 05616246
06604066 11410625
01063697 14010927
00510723 15256714
06409752 07218470
05650579 05702275
05872477 05913538
04895246 13929852
09770472 10069645
00940043 07039056
08274354 08274565
10158506 10176679
03899328 08616311
05790242 08387035
08057206 08337324
06681551 07221094
13497135 13754293
06686736 14412374
08077711 08214272
01232684 08385280
08078020 08224580
07567390 14837506
01061333 07191279
05827509 07528470
00931847 07039056
05074774 08622586
08220891 08221348
13333833 13417071
07313636 14285662
05996646 14514039
00881649 05127782
08499057 14841267
00415098 08507381
13650447 13757249
08590719 08689771
00972621 07306160
04038440 04301000
07169480 09909760
05142863 05155821
03343560 14686186
03387016 08511570
05651680 14379829
04263614 09407867
00719705 00795720
15292336 15292502
04463679 04463983
01902877 09425607
02945161 02945813
06746005 07199565
09385911 13286524
00058519 07333649
13453428 13475538
08544813 08556491
00415226 04928903
09632518 09767197
05058580 15283097
00206927 05707269
15136147 15169873
05632732 07484547
01023636 01023820
00215314 00216038
04676064 06798750
10348365 10546428
05162985 14493426
02856463 15101854
00380083 07374756
07999471 07999584
00893836 05662876
02973017 03704376
05770926 05833840
05190804 13945102
06473563 08111157
05475878 05510907
06685860 13349662
04394261 07262108
02821627 03003730
01170320 07231943
08274354 08274718
08184861 09887850
00363788 02679415
01160342 05164845
00720565 00722061
06686736 07500159
05110185 05110408
00213694 06552814
05819149 09178999
01232091 08417920
05838176 06753030
14899152 14899328
02322213 05563266
06428216 07653394
02833576 09213828
00157081 05692910
13440063 14531203
08546183 08546870
05916739 06782019
03581125 08547938
03564667 10200531
06608277 07157273
08226699 08672562
06156752 15121406
07339653 07420770
09474895 13574193
09887850 13929588
11412727 13859043
00309906 00798245
00787465 13285176
04895246 05697976
05705355 05784242
13482330 14005892
00883297 00887081
04424218 06723908
01055688 07053089
06636524 06647206
14586769 14625458
00280586 07309781
09777012 09777353
08053576 08075847
09367991 14449126
08431437 09417365
08665101 09397607
04682462 07271942
07298982 07475870
01110274 06771159
07353376 15267536
01097292 08072837
07312221 11439031
00354884 07357101
03073977 03074380
01042242 07033613
04068976 11503060
04564698 13777764
04141838 04141975
05030680 13945102
08187033 08214272
00172710 04928903
05718254 07371293
07291312 07353376
03574555 03746574
04571088 13608788
05074774 08622201
07168131 07186528
04895246 05943066
13275495 13277886
06652064 06652242
00003553 09465459
00786195 00798245
03287178 03860882
04681387 07270179
08512259 13903079
05670972 05809878
09385911 13809207
02806379 03132076
00151409 05808218
02993546 05463533
04424218 05671325
05611302 05618849
06254475 08568142
00267522 00654885
03959701 09425607
06657202 13827205
06539770 07168623
13925752 14411243
00260622 00800940
02472987 05809878
14899328 14899888
05868477 06398401
07357388 14422179
00047745 06490173
08566707 08566884
03079741 03080309
13246662 13250048
05029706 05035353
08219226 08219330
00034479 07289831
04014297 14539960
00403092 07339653
00398704 07359599
07353376 14459824
00586262 00722479
02852523 13914608
13358549 13367070
00802238 08644213
00061917 07039056
05093890 14428160
05107765 05861067
00167278 01109467
10288516 10289176
01218593 07229111
15159583 15160579
05037394 07102945
08630039 13809207
08408267 08408557
02687992 08659446
05718254 11480930
00637354 00644366
01239064 13924659
04714679 13980845
04617289 05855004
00180413 04638175
05671325 05855004
05795044 06770275
05785067 05796423
13387479 13388111
05225602 05726345
00914632 04612722
04727694 07082819
07423899 13933221
04424218 07289831
13440063 13518963
00343249 00345454
00047106 00097504
04681387 06794666
05839024 08111157
03932499 07309457
07500159 14412374
08644213 14540765
00083448 06208751
14899152 14899530
08241798 08251877
05175904 05181199
04676064 06794666
01027379 07450842
04359589 04360501
06794666 06798750
04153751 04154340
07164163 13774115
10671736 10680153
02797692 04301000
08165455 09770472
00787465 01085098
00331655 07444668
09425607 13155759
05762998 05807540
13265425 13285176
08264583 08264759
03210940 06879521
00882702 07578879
08368907 08369406
05867413 08630039
06738281 07232421
00093483 00819024
10468750 10468962
02934451 02960501
06763681 06766190
05766247 05928513
09335240 14844693
00952963 06373513
00034479 05984182
03081021 13809207
07309781 11425088
03748886 04007894
00037396 01181902
08621598 08622586
10671042 13368052
07493280 14445749
06366391 07010541
05687338 14410605
00364260 05110185
07518468 14406573
05114371 13595550
04652438 04900121
06746005 07200527
00947128 05190106
08177592 09840217
07325190 15265518
07357101 14445749
03216828 03933529
01206153 01239868
05142641 13296899
01170813 07181935
06333653 06720964
04703235 04821084
04931965 05726345
01084637 01085337
00324384 07327288
02902250 13902336
10720453 10721470
03728811 05696020
00063014 13596986
00034479 13943968
05696020 09900981
08565701 13903387
13250398 13353280
03416329 09249034
00162632 06753030
05974564 13955461
08252602 08264897
08403787 10379620
09409512 09409752
03959701 13155759
05937112 06672752
05790758 09991867
10522035 10638385
05916739 05945642
06646243 06798750
03006105 13893786
08431437 08433447
00343249 00345641
05671325 13943968
08240633 08244062
06208751 06783265
05891572 06756680
14076479 14138691
03234306 07003119
04713428 13971065
00815320 01133281
13761407 14082186
08622201 08622586
00576451 00952963
04635104 14006945
05682570 07509996
05916739 05949726
09444100 09444783
01118182 08408557
01061945 07192129
03201208 07565259
00217499 07314838
05867413 08114861
05793210 05874232
01132864 04913839
08679972 13827426
01061945 06729864
05826914 09387222
06685754 13416345
00279835 00331950
00146856 08542634
03916031 15110096
00453731 09334396
05913538 07259772
06685040 06732925
00635850 05787005
00144632 07413815
05670710 08061042
00803617 05196375
13935227 14413993
02902250 04092447
00196084 07443761
07010821 07130050
06482401 06795746
03043958 03044166
00418394 01221790
05784831 07138915
05034225 05099796
09840217 10461424
01215902 13365286
04388743 04389521
08077711 08187033
03588414 06795746
01052853 07363545
04617289 13943968
05250659 13091057
06713752 07237758
05984182 07289831
05901508 06656408
01902877 03959701
13127091 13130305
00363260 13754293
06409752 07220300
02153445 02322213
03870546 07956426
07053089 15287830
04681387 06646243
04711435 14446878
05858317 05868954
00636921 05797597
04588365 04589745
00802238 05093418
03820154 03820318
09762101 10681383
08659446 09393605
13940456 15295045
00584769 00719705
07313636 07340249
00124880 14419510
04464125 06612865
09367991 14449405
09190918 14778436
00039297 06261260
00383952 09379111
07369604 13427078
13489037 13497135
05110408 07324917
10055847 10379620
00037396 01182312
03210940 07213717
00491366 06737394
00554300 07514520
00349369 07351195
03987079 05766984
06891022 07167415
09897603 10283037
04981139 07371293
00819024 07419599
05018542 13983147
05855904 06751974
05898568 06501311
09407867 13558953
05945642 06782019
00241699 15265518
05112215 07313004
05916739 05919549
05686955 14408086
07301543 07302542
07138085 07243837
13456567 13457378
07967982 08110648
00802238 05093293
00282050 07357388
07296428 13859043
00329619 13549672
08569998 09393605
04322387 13367070
05704694 14435187
01162928 04317420
14498404 14516743
05637558 05752544
01231980 05088804
01049266 02944459
04661151 05785067
01212519 05693919
06196284 06783265
01128390 14442530
07176804 13971065
04263614 13558953
06738281 07217924
07492655 14446161
15135996 15169873
05616246 13945102
05696425 10680153
06507041 13412321
04424218 04617289
00351638 13457378
06720964 07972279
01166258 11409538
13653902 15295045
08403787 10055847
01256417 05617310
00196084 00563823
02960352 02960501
07175241 13971065
10298912 10752930
05853100 14514039
03120029 08431437
15159819 15179888
04588986 09480077
05202497 05623181
00053609 07335716
00230172 07336346
00798245 08464601
06747670 07212612
01056411 08656893
08400452 08400772
03004824 04133648
09409752 09409898
08660934 10470460
00191142 04752034
01060234 01103614
03892891 13809207
06687358 07180372
00725506 09904556
03892891 09385911
13333420 13333696
05088804 07413899
05692910 11414608
00180413 13932421
00331950 07309781
14899152 14899888
01229793 04841358
06514093 07221094
00047745 00063014
02472293 10289039
04693096 09258715
00922144 07324380
00024264 05849040
08573472 08626080
07324673 13490343
08621598 08622201
05925366 05937112
01216191 13366311
05911124 07560652
07071483 07109196
00324384 07445480
05819149 06740402
02737833 09228324
04980008 05713737
08499057 11431754
00003553 13810323
15246353 15292069
00042541 07320622
04731497 04917870
07371293 11480930
04588365 04588587
01051331 08622201
08630039 09385911
00728464 09904708
05662532 13405962
03185562 03185746
03134595 07955566
03988170 07257815
05010627 11503060
03120029 08433447
06626446 06741305
06739990 09178999
00654885 00829378
11415721 13127843
05016171 11466043
04633197 05035961
02737833 13913849
04101232 13875970
04227144 07048627
01132864 07545415
13480848 14686186
00345454 00345641
03932203 09385911
15100257 15102622
07356676 13754293
01215902 13365698
01105259 13308147
04655442 04912240
07327288 07445480
14899328 14899530
00900726 03987079
00597265 10467395
05981230 05982152
00312691 00415676
01261974 13561719
00929718 00939452
07420538 14285662
05846054 06652064
09960688 09960891
00913585 07213989
13779032 13779244
02735688 05221895
05905348 06756680
00329227 13513747
06400271 07044917
05789089 07177924
05114371 13396276
07188570 07188685
03120029 09417365
13489037 13490343
00235435 00241699
00034479 04617289
04953186 07412092
05944958 14486122
00802238 14540765
05098942 05099231
04513686 06903255
05839024 06473563
07295629 13283764
06514093 06681551
00083448 06783265
06652242 06788897
00279835 00280586
05812038 05921123
08401248 11415721
13353446 14638799
08213205 08219226
00585810 10320863
07294777 08459648
13396276 13595550
00742645 04894964
00180228 06511874
00172710 05791764
00415098 01055688
05924920 07260623
07358576 07415730
06200741 07501545
13653902 13940456
03173524 05766984
00795720 05910453
05814291 05814650
00167063 01166258
00414179 00947128
00097504 13525549
05093293 05093418
09213565 09213828
11418460 14473222
10206887 10363913
13387689 13388111
07602650 08521816
05925366 10324851
00414179 05190106
00363260 07356676
00787061 14485673
06483454 13945919
11493827 14482620
00125629 07302542
05696425 10671736
03892891 08630039
02785191 03533972
15135996 15136147
03343560 07302836
00039297 07279285
07340249 14298815
13934465 14840755
07416714 14033185
07302836 14686186
05724694 14322699
02944826 02945161
06561942 06562217
00409483 00955060
01055688 08507381
07881800 07885223
13828905 13854649
07340249 14285662
01225027 06715223
00803617 14441825
04424218 05855004
00064789 09921409
03343560 13480848
06626286 06763273
05030680 05616246
05870916 06161718
06523641 13344804
06504462 06626286
00333829 14403282
00162632 05781541
06200617 07500414
13619920 13764764
00563823 07443761
04617289 05671325
01051331 05074774
06261260 07279285
05789089 06743506
00363260 05108947
08170686 10307234
00167063 00167278
04464211 06612865
00153665 14482968
06516955 13354985
10164233 10298647
05944958 07510923
00357023 07351031
08070465 10209731
06161718 08441203
04014297 13344071
05846054 06788897
03841417 04599396
08147794 13950812
10639047 10639238
05840188 06795967
11431754 14841267
00211110 06373747
05703429 05703803
06726158 06746580
05820620 07308889
00721431 00722479
01902877 13155759
06723908 13943968
05197797 13953608
07131511 07155661
00787465 01089778
05826914 06651577
09335240 14842992
06646243 06794666
07053089 09417097
06646243 14301785
07324673 13497135
05930574 05933834
00363260 13497135
05668915 06664981
03470629 04483073
05074774 08621598
08433447 09417365
09409512 09409898
05793554 13809769
00567044 00572489
06200344 07498210
00036762 00786195
00167278 00196485
06490173 13596986
02944826 02945813
08274565 08274718
00576877 00719705
01177033 07208338
00576877 00584769
13387479 13387689
06729864 07192129
06723908 07289831
00585406 03315023
03646916 04582454
05110185 07324917
15160579 15179888
08227214 13950812
04917870 05849789
13927383 14411243
08375526 08375912
10388440 10752930
09440186 09446115
00554300 13977732
00182213 00183505
00727901 10688070
00409211 05701363
06398401 07291794
04892084 05614175
00047745 13596986
04713428 07175241
00027167 03682189
02728440 02756098
06269396 07037465
04675314 04809642
02924713 05730591
05030680 05190804
00333829 07428450
00385791 00397953
05833022 05983801
05701363 13525549
05108947 07356676
03450018 04072193
08182962 08183802
01051331 08622586
00124880 07339329
05984584 07285403
06891022 07217349
04588587 04589745
04658106 07547805
06529219 07279687
06411592 09824361
05868954 13809207
01208597 05155123
08507381 09417097
05771836 07173959
07458453 07472657
00050887 07343363
00167278 11409538
08617963 08677801
00167063 11409538
10291240 10324560
00731222 00970645
00064789 07262108
04638175 13932421
06378298 07049713
06652878 07168623
06646243 07286014
00279835 07309781
06526291 08060694
15159583 15159819
13456715 14560612
00167063 00196485
05816287 08462320
05906080 10438470
07356676 13497135
06615561 10032676
09178999 13790912
04353803 07959016
00622068 00788973
00731222 01140471
07330007 14473222
04835724 14035298
06409752 07037465
02958343 03699975
07528470 13306870
13344071 13349395
08147794 08227214
05127782 08560952
07443761 13547925
04913839 07545415
13269890 13270038
07514520 13977732
04099429 07263053
00083448 06196284
00088481 00166702
05852973 08650157
00190783 05661668
04731497 05849789
07368256 14010636
00754956 06759349
05696425 10648237
07296428 11412727
08506641 08551628
00582388 07966927
07161429 07162680
00521562 06891022
08307589 08310389
00044150 01127379
04099429 04232902
00354884 07493280
00551215 06619428
03065708 03066232
00584367 04602044
03323593 05750657
00900726 05766984
05819149 06739990
06793426 07250339
13518963 14531203
00522736 00912960
10468559 10468750
05861067 07998712
05846932 06788785
00945401 05770058
10468559 10468962
07357101 07493280
07053089 08507381
08565894 08566028
01172252 07338552
07167415 07217349
00104409 07441619
01181902 01182312
00217773 07335243
05855004 07289831
06652064 06788897
00196485 11409538
06642138 06681177
00283127 07311115
00202284 01169744
08565894 08566707
13371760 14638799
01238424 07373602
06196284 06208751
10186774 10187130
01887474 08101410
04719376 05641959
00415098 09417097
05042871 14543931
05068918 09206985
07143137 07143624
06731802 06816935
04681387 06798750
00196485 01166258
07317764 14477877
08226335 08524735
00192300 00351638
00235435 07290905
04553245 04553389
13490343 13497135
05845140 06845599
05846054 06652242
00722061 05149325
08166187 08328700
00893243 07240549
03728811 09900981
05697976 05943066
07447261 08252467
00267522 00829378
07143624 14484778
03365991 06246896
02875013 03780247
13593219 13733402
04676064 07270179
02687992 09393605
00036762 00798245
06786629 07169480
00203342 07207273
07510923 14486122
00171249 07423365
05671325 06723908
01097119 14514039
05874232 07259772
07428450 14403282
01055688 15287830
02122298 02122948
05846054 06664051
05149325 05149978
05944958 06195839
15280497 15283097
04924103 15145171
05832264 07524529
08187033 08219059
00849982 07324380
08077711 08264897
07495973 14531392
00830448 04882968
00415098 15287830
00280586 00331950
00334935 01173965
03932203 13286524
03777283 05890249
05781541 05838176
00785959 05798043
04676064 04681387
03892891 05867413
04693096 13907272
05809878 13956097
00047106 13525549
06303888 06751974
14899530 14899888
03217458 06470073
00043195 05808218
13393762 13398469
09906538 10677713
15121406 15123996
03033986 03098140
06618427 07358985
01076046 07365849
05702275 05853636
03338821 06262567
08214272 08219059
09417097 15287830
05855004 13943968
01109467 01166258
00654885 01207609
13353446 13371760
03728437 03728982
01112420 01113068
04217882 06793231
00364260 05110408
01109467 11409538
00551407 06486874
07520112 07528470
05984182 06723908
05920159 06604066
07339329 14419510
00433216 00523513
15159819 15160579
00034479 06723908
07348399 07370671
05750163 06197664
00045646 13545845
07071483 07110457
00199707 00999787
00166702 00775286
00453731 09335240
04617289 05984182
10298912 10388440
06791372 06876144
05836598 05919549
00051192 00328015
00931847 00940043
07954014 13626464
05157143 13596422
04092447 13902336
01106460 03306385
04321534 13367070
00372607 00811661
13344071 14539960
07948518 10206887
05671325 05984182
00754956 04678908
05855004 05984182
03699975 03700963
01168569 13837009
02472987 05670972
00576451 06373513
08565894 08566884
06739990 06740402
00034479 05671325
01140471 07169480
02797692 04038440
00133338 07386370
00521562 07217349
04757522 07193596
08274443 08274565
05895723 06769392
04676064 06646243
01264667 15143276
08184861 13929588
13815342 13816862
13390626 13694367
06687358 07248060
00241699 07325190
00881649 08560952
01173038 07338681
00285889 13650447
01266364 07148192
00090253 00139919
05938400 06620906
00285889 13757249
04617289 06723908
08165455 10069645
08566028 08566707
00755673 04788011
02934451 02960352
03820728 03820950
15120050 15244650
00061917 00931847
06398401 07291312
01055360 01233156
00849982 00922144
07294019 11410625
14024882 15273626
08160276 08180190
05867413 13809207
07291312 14459824
15145171 15153787
04587648 04588986
05035353 11458624
05154676 13331778
05463533 08514034
05855004 06723908
04191595 04191943
08213205 08219330
11892029 11892637
05925366 06672752
07291794 15267536
00088481 00775286
07286014 14301785
15203791 15204297
07180372 07248060
04692157 14464203
05945642 05949726
00547616 07376937
05848541 05912552
00049003 07370125
05781541 06753030
04232902 07263053
07218470 07220300
01072072 07491708
08521816 08523483
00034479 05855004
05984182 13943968
06396930 06414849
00520257 06879521
05867413 09385911
13736799 15257829
01241767 06740183
01051331 08621598
04661151 05796423
04945057 07484265
07262108 09921409
08507381 15287830
02828884 02829116
05943066 13929852
09238143 13755822
04424218 05984182
01114824 01117541
04981139 05718254
04424218 13943968
08187033 08264897
08214832 08216795
05058580 15280497
00547616 05058893
05058893 07376937
01097119 05996646
01094725 08061042
05920791 06601327
05789432 05837957
00061917 00940043
07416714 15245829
00330160 15282696
01009871 08456993
02993546 08514034
03417345 08439808
05671325 07289831
07208708 07208930
01118182 08408267
00415098 07053089
05792010 05888929
05867413 08648322
00343249 07442288
00201671 00315986
04321804 04322026
00167063 01109467
02958343 03700963
06333653 07972279
07495327 07496463
