#featureNum 34
0 69.2494476369387 67.88582370955228
1 21.77385316131444 21.345544463560863
2 2.188426918148196 2.145904488811143
3 4.949423611253695 4.854810344256829
4 81.02609144939768 79.4528205879031
5 8114.588235294175 7969.145717378217
6 4.707831440896267 4.618397535159184
7 3.7936145363046156 3.7198784887398215
8 42.647058823530735 41.809465051980844
9 0.0 0.0
10 318.0588235294117 311.8254798261041
11 40.38235294117778 39.588626170817136
12 13.735294117647014 13.471950083309606
13 0.0 0.0
14 7.41176470588233 7.274355525553859
15 0.3823529411764706 0.3848118833615802
16 0.3823529411764706 0.3848118833615802
17 0.0 0.0
18 2.1176470588235254 2.0856566463431903
19 0.0 0.0
20 16.902130043407173 16.57102963178152
21 0.324599798897826 0.31860515500123543
22 6.182862455321544E-4 6.08911586130122E-4
23 25.82352941176521 25.319440305899615
24 0.0 0.0
25 0.0 0.0
26 0.0 0.0
27 15.88235294117642 15.57677804503993
28 14.088235294117602 13.818671545191968
29 15.382352941176421 15.086831045773241
30 15.88235294117642 15.577042543618399
31 15.735294117647008 15.432881755609328
32 15.323529411764657 15.02914225266169
33 0.0 0.0
