#featureNum 34
0 69.72737969936419 68.35430319766044
1 22.095887122765028 21.661189531706782
2 2.1752961617759827 2.1330281318338677
3 5.077211213406154 4.979948852934076
4 82.81370186621626 81.20361593447845
5 8256.558823529478 8107.3826388596635
6 4.470903054587457 4.385751931724477
7 3.7896013008736116 3.715841934964698
8 43.38235294117786 42.53013049754935
9 0.0 0.0
10 320.88235294117607 314.5930661753368
11 41.08823529411898 40.280459583998145
12 13.705882352941131 13.443124069145046
13 0.0 0.0
14 7.499999999999977 7.360833627329783
15 0.29411764705882354 0.29829461380719974
16 0.3235294117647059 0.32713601001347775
17 0.0 0.0
18 1.823529411764703 1.7973925803621698
19 0.058823529411764705 0.06708887757832874
20 16.882370438399946 16.55155776342172
21 0.3484315494285893 0.3420117075568745
22 8.066739157975874E-4 7.951933465185099E-4
23 26.382352941177007 25.867134461007627
24 0.0 0.0
25 0.0 0.0
26 0.0 0.0
27 15.970588235294066 15.663140428346683
28 14.794117647058776 14.510376155313024
29 15.676470588235244 15.375117747519642
30 16.52941176470586 16.211074840298128
31 16.794117647058815 16.47064159086423
32 15.76470588235289 15.461592144118427
33 0.0 0.0
