#featureNum 34
0 69.17989194729758 67.81761619944126
1 21.780775664252477 21.35231885208922
2 2.1565051994729023 2.1146417927666303
3 4.95282884336543 4.858105789555073
4 79.94694548107572 78.39411519819514
5 9032.264705882417 8872.025683510674
6 4.478086416801049 4.392909073935264
7 3.821812118476953 3.7474442786775874
8 43.05882352941316 42.213000398271845
9 0.0 0.0
10 317.558823529412 311.33548429764323
11 40.735294117648394 39.93449133223496
12 13.82352941176466 13.558428125592268
13 0.0 0.0
14 7.117647058823508 6.986095171251595
15 0.23529411764705885 0.24060075534077602
16 0.23529411764705885 0.24060075534077602
17 0.0 0.0
18 1.9705882352941142 1.9415247620950074
19 0.0 0.0
20 17.02256611604919 16.68909166717225
21 0.32086858069537944 0.31491658695507396
22 6.467236108614002E-4 6.370061486070492E-4
23 26.352941176471123 25.838308452890374
24 0.0 0.0
25 0.0 0.0
26 0.0 0.0
27 15.441176470588186 15.144286371016712
28 14.382352941176425 14.106873420908586
29 15.61764705882348 15.317698723823064
30 15.735294117647008 15.433072445168026
31 15.911764705882302 15.606168810239357
32 15.588235294117597 15.288797382931568
33 0.0 0.0
