#featureNum 34
0 69.73822210385026 68.36495817976297
1 21.989784736112995 21.55719873198581
2 2.1877235006732323 2.1451652525260565
3 5.19178974419562 5.0922140183543005
4 80.88326800657804 79.31128880661096
5 8412.852941176527 8261.677505613863
6 4.606259602708846 4.518649423069379
7 3.760969973591167 3.6877905673050506
8 43.32352941176611 42.472328169192934
9 0.0 0.0
10 321.0000000000002 314.70617292893417
11 41.264705882354306 40.45339970072117
12 13.999999999999954 13.731384209224998
13 0.0 0.0
14 7.470588235294095 7.332007593625018
15 0.23529411764705885 0.2406007553407761
16 0.2647058823529412 0.26944992379672406
17 0.0 0.0
18 1.9999999999999964 1.9703511606543478
19 0.0 0.0
20 17.03295034368559 16.699170166142117
21 0.3126525431908236 0.306792043175388
22 6.180537398351137E-4 6.087884546756217E-4
23 26.823529411765268 26.299524582179178
24 0.0 0.0
25 0.0 0.0
26 0.0 0.0
27 15.705882352941126 15.403827912050978
28 14.529411764705836 14.251326296708292
29 15.470588235294068 15.173344315965604
30 15.588235294117597 15.288758885314989
31 15.852941176470537 15.54840727773803
32 15.61764705882348 15.31742974694355
33 0.0 0.0
