#featureNum 34
#minReqd -1.0
#maxReqd 1.0
0 0.5978370007556204 2.5902671654458267 0.0
1 0.16 0.9333333333333333 0.5907430651343538
2 0.0 0.5496476296106431 0.08282294284938041
3 0.0 0.9007811144848662 0.14902065680775103
4 0.0 11.072612668084629 0.06415421777132946
5 0.0 9342.0 0.13861349906197304
6 0.0 1.0 0.2414100147143086
7 0.0 0.8 0.2594901362873505
8 0.0 4.0 0.3666645438725115
9 0.0 0.0 0.1413841097894949
10 0.0 20.0 0.0
11 0.0 3.0 -0.14651438352633872
12 0.0 1.0 -0.11512984748549958
13 0.0 0.0 -0.012962225961348453
14 0.0 1.0 0.0
15 0.0 1.0 0.24936847854569033
16 0.0 1.0 -0.149979689434177
17 0.0 0.0 -0.149979689434177
18 0.0 1.0 0.0
19 0.0 0.0 -0.11228303133955725
20 0.0016569182924741957 0.9995105487889285 0.0
21 1.4098604799999987E-4 0.24392422932499996 0.7969802318158832
22 6.725656700311167E-10 8.417397056953507E-4 0.04044419385009863
23 0.0 1.0 0.025042231403189688
24 0.0 0.0 0.5752291951947545
25 0.0 0.0 0.0
26 0.0 0.0 0.0
27 0.0 2.0 0.0
28 0.0 3.0 0.030878987372466513
29 0.0 3.0 0.1303041028095417
30 0.0 2.0 -0.22811043412322382
31 0.0 3.0 -0.11802265354643166
32 0.0 3.0 0.2684308473680847
33 0.0 0.0 0.20092668602670546
