#featureNum 34
#minReqd -1.0
#maxReqd 1.0
0 0.4700036292457356 2.5902671654458267 0.0
1 0.14285714285714285 0.9230769230769231 0.36023312535638125
2 0.0 0.5496476296106431 0.1772615424477969
3 0.0 0.9117208171292187 0.28230527830564583
4 0.0 11.072612668084629 -0.13195087320066545
5 0.0 9342.0 0.25617779551409214
6 0.0 1.0 0.14276628619430623
7 0.0 0.8 0.3094416457148669
8 0.0 3.0 0.5075621054056844
9 0.0 0.0 -0.025971368546491944
10 0.0 20.0 0.0
11 0.0 2.0 0.02651811596378283
12 0.0 1.0 -0.20299499692829764
13 0.0 0.0 0.08155254593305789
14 0.0 1.0 0.0
15 0.0 1.0 0.09146499986261333
16 0.0 1.0 -0.0740913588387743
17 0.0 0.0 -0.0740913588387743
18 0.0 1.0 0.0
19 0.0 0.0 -0.07409135883877441
20 0.0016569182924741957 0.9998892911859664 0.0
21 3.705271999999996E-5 0.24392422932499996 0.8143209847069034
22 5.962562570359999E-11 8.417397056953507E-4 -0.08038562676384074
23 0.0 1.0 -0.057462694279882626
24 0.0 0.0 0.5709091908955364
25 0.0 0.0 0.0
26 0.0 0.0 0.0
27 0.0 2.0 0.0
28 0.0 3.0 0.1706331156183693
29 0.0 3.0 -0.12740916584732773
30 0.0 2.0 -0.14874842829336926
31 0.0 3.0 -0.041214660120859364
32 0.0 3.0 0.26616737200253904
33 0.0 0.0 0.1547879202990904
