#featureNum 34
#minReqd -1.0
#maxReqd 1.0
0 0.5533852381847867 2.5902671654458267 0.0
1 0.15384615384615385 0.9333333333333333 0.29955125600297833
2 0.0 0.5496476296106431 0.1716171978105286
3 0.0 0.9117208171292187 0.2032211764908596
4 0.0 11.072612668084629 0.20120051430957603
5 0.0 9342.0 0.15845265462795283
6 0.0 1.0 0.2333258135600298
7 0.0 0.7142857142857143 0.4109311422086133
8 0.0 3.0 0.517253327511734
9 0.0 0.0 0.18639789383279468
10 0.0 20.0 0.0
11 0.0 2.0 -0.023492791944823177
12 0.0 1.0 -0.12636460306811081
13 0.0 0.0 0.0620996800318864
14 0.0 1.0 0.0
15 0.0 1.0 0.20120086370175158
16 0.0 1.0 -1.2576745200831851E-16
17 0.0 0.0 -1.2576745200831851E-16
18 0.0 1.0 0.0
19 0.0 0.0 -0.3328807842956967
20 0.0017331367377465166 0.9994518044453407 0.0
21 1.4098604799999987E-4 0.2439314972600001 0.9478044710435001
22 8.601813353421835E-10 8.417397056953507E-4 -0.13739018005754666
23 0.0 1.0 -0.12084192713924469
24 0.0 0.0 0.49162110203745113
25 0.0 0.0 0.0
26 0.0 0.0 0.0
27 0.0 2.0 0.0
28 0.0 3.0 0.02547044607050098
29 0.0 2.0 0.23119423068011977
30 0.0 2.0 -0.24300082852237082
31 0.0 3.0 -0.0552763917850977
32 0.0 2.0 0.11731017705629436
33 0.0 0.0 0.23972574221956766
