#featureNum 34
#minReqd -1.0
#maxReqd 1.0
0 0.5533852381847867 2.995732273553991 0.0
1 0.15384615384615385 1.0 0.3998112046526165
2 0.0 0.5496476296106431 0.13550684592096682
3 0.0 0.9007811144848662 0.29932207332747124
4 0.0 11.072612668084629 0.12408682860387767
5 0.0 9342.0 0.06966358857760051
6 0.0 1.0 0.3239985437550798
7 0.0 0.5957446808510638 0.4060442141641388
8 0.0 4.0 0.36961669314331336
9 0.0 0.0 0.18307718839122547
10 0.0 20.0 0.0
11 0.0 2.0 0.01605299524792663
12 0.0 1.0 -0.28992368061597573
13 0.0 0.0 0.1406147208959532
14 0.0 1.0 0.0
15 0.0 1.0 0.1203464298606661
16 0.0 1.0 -0.04937104086181923
17 0.0 0.0 -0.04937104086181923
18 0.0 1.0 0.0
19 0.0 1.0 -0.1528348802348318
20 0.0029942345543159756 0.9995105487889285 -0.20692767874602705
21 1.4098604799999987E-4 0.24392422932499996 0.8492212538369851
22 8.198954353811004E-10 0.0016183372767416286 -0.05291993156145398
23 0.0 1.0 -0.1330638767960501
24 0.0 0.0 0.5292056705284915
25 0.0 0.0 0.0
26 0.0 0.0 0.0
27 0.0 2.0 0.0
28 0.0 3.0 0.08494638673941671
29 0.0 3.0 0.07376266796193597
30 0.0 2.0 -0.03392019811446157
31 0.0 3.0 -0.11738220399942045
32 0.0 3.0 0.21123561370674937
33 0.0 0.0 0.1385195285208783
