#featureNum 34
#minReqd -1.0
#maxReqd 1.0
0 0.5533852381847867 2.5902671654458267 0.0
1 0.15384615384615385 0.9333333333333333 0.37709299556861314
2 0.0 0.5496476296106431 -0.04455526104669907
3 0.0 0.9117208171292187 0.35519116813769763
4 0.0 11.072612668084629 0.15383500901349284
5 0.0 9342.0 0.34503387483739145
6 0.0 1.0 0.15346579474353744
7 0.0 0.8 0.4951252079497043
8 0.0 4.0 0.34368451997249866
9 0.0 0.0 0.2064917244519022
10 0.0 20.0 0.0
11 0.0 2.0 -0.033319133519572865
12 0.0 1.0 -0.07313953737736215
13 0.0 0.0 -9.056649577985632E-4
14 0.0 1.0 0.0
15 0.0 1.0 0.09430230493403698
16 0.0 1.0 0.031130613604330955
17 0.0 0.0 0.031130613604330955
18 0.0 1.0 0.0
19 0.0 0.0 -0.07689671668037362
20 0.004568616569865138 0.9998375035837138 0.0
21 3.705271999999996E-5 0.2419884833899999 0.5406935842659202
22 5.962562570359999E-11 8.417397056953507E-4 0.05916339252762672
23 0.0 1.0 0.04617781647732258
24 0.0 0.0 0.6295745686121361
25 0.0 0.0 0.0
26 0.0 0.0 0.0
27 0.0 2.0 0.0
28 0.0 3.0 0.07218323707699262
29 0.0 3.0 0.08478304348317686
30 0.0 2.0 -0.042326902025011263
31 0.0 3.0 -0.182706062716267
32 0.0 3.0 0.20588413842964007
33 0.0 0.0 0.20973686488325646
