#featureNum 29
#minReqd -1.0
#maxReqd 1.0
0 0.2876820724517809 2.639057329615259 0.0
1 0.0 0.9333333333333333 0.0012582716569245378
2 0.0 9593499.50182129 5.359940649007657E-4
3 0.0 1.0 9.183252466706676E-8
4 0.0 11.4714261577922 -0.08136501269234557
5 0.0 12790.0 0.14949919412151175
6 0.0 1.0000000000000004 0.10959008657896481
7 0.0 1.0000000000000004 0.021802184402844628
8 0.0 5.0 0.006467914234266942
9 0.0 0.0 0.009024770419674387
10 0.0 49.0 0.0
11 0.0 2.0 -0.0016839150508817155
12 0.0 1.0 -0.002313105543907252
13 0.0 1.0 0.0026088136987369136
14 0.0 5.0 0.9656178326214155
15 0.0 0.0 0.010959961457250034
16 0.0 1.0 0.0
17 0.0 1.0 -9.788476463245752E-5
18 0.0 1.0 0.0018304044385777686
19 0.0 0.0 -0.01599680836751739
20 0.0 1.0 0.0
21 0.0 1.0 -0.017031603696341612
22 0.0 0.9995946870119143 0.5544040831819672
23 0.0 0.5389008208600001 0.008042441091390792
24 0.0 0.0033716822487584184 -0.013978792180047904
25 0.0 1.0 0.012202067119446389
26 0.0 0.0 0.993694532893324
27 0.0 0.0 0.0
28 0.0 0.0 0.0
