#featureNum 34
#minReqd -1.0
#maxReqd 1.0
0 0.5533852381847867 2.5902671654458267 0.0
1 0.15384615384615385 0.9333333333333333 0.5607836068822528
2 0.0 0.5496476296106431 0.23756234757881622
3 0.0 0.9089496617958817 0.18772885766036587
4 0.0 11.072612668084629 6.30183239369345E-4
5 0.0 9342.0 0.16873365813516222
6 0.0 1.0 0.27599596271956844
7 0.0 0.8 0.60228907575305
8 0.0 4.0 0.5182526675603176
9 0.0 0.0 0.13343498697941036
10 0.0 20.0 0.0
11 0.0 2.0 -0.09434053270682703
12 0.0 1.0 -0.005743030192038451
13 0.0 0.0 0.021452850571655732
14 0.0 1.0 0.0
15 0.0 1.0 0.08907699446962147
16 0.0 1.0 -0.10904518285732644
17 0.0 0.0 -0.10904518285732644
18 0.0 1.0 0.0
19 0.0 0.0 -0.3271355754334322
20 0.0031428563170049807 0.9998375035837138 0.0
21 3.705271999999996E-5 0.24392422932499996 0.8352785912682037
22 5.962562570359999E-11 8.417397056953507E-4 -0.002176595419888301
23 0.0 1.0 0.030866698886646147
24 0.0 0.0 0.43188281785761556
25 0.0 0.0 0.0
26 0.0 0.0 0.0
27 0.0 2.0 0.0
28 0.0 3.0 0.20831469641962164
29 0.0 2.0 0.10184089182390295
30 0.0 2.0 -0.1764739751294232
31 0.0 3.0 0.1447161837932976
32 0.0 2.0 0.07368904604752965
33 0.0 0.0 0.09613901559070914
