#featureNum 35
0 358.3714285714279 351.41308170329734
1 70.01798336490374 68.64331785346597
2 22.004550228564863 21.572945818787456
3 2.239031801967425 2.1956760687047643
4 5.2782778469034595 5.1773801010976594
5 82.35478938954016 80.75926262310497
6 8714.51428571423 8558.530316086486
7 4.603852170943412 4.516484368052589
8 3.833899747746395 3.759534596688394
9 0.0 0.0
10 39.45714285714361 38.68565170860001
11 0.0 0.0
12 288.02857142857243 282.4092594294697
13 36.85714285714334 36.13572846314788
14 13.999999999999956 13.732196451158835
15 8.199999999999976 8.047354151018185
16 0.31428571428571433 0.3180563391509795
17 0.3428571428571429 0.3460736384001772
18 0.0 0.0
19 2.057142857142854 2.026445772753665
20 0.0 0.0
21 17.16979893502842 16.834362773400805
22 0.34543393603414774 0.3390660977483635
23 6.922218638484245E-4 6.818995891335452E-4
24 27.19999999999991 26.670109179504863
25 0.0 0.0
26 0.0 0.0
27 0.0 0.0
28 16.485714285714234 16.16926167401387
29 14.971428571428524 14.685462576768492
30 15.914285714285663 15.609167621747911
31 16.428571428571377 16.113609458816544
32 16.628571428571377 16.309451016298883
33 15.97142857142852 15.665100678458531
34 0.0 0.0
