#featureNum 35
#minReqd -1.0
#maxReqd 1.0
0 0.0 16.0
1 0.5533852381847867 2.5902671654458267
2 0.15384615384615385 0.9333333333333333
3 0.0 0.5496476296106431
4 -0.0 0.9089496617958817
5 -0.0 11.072612668084629
6 0.0 9342.0
7 0.0 1.0
8 0.0 0.8
9 0.0 4.9E-324
10 0.0 4.0
11 0.0 4.9E-324
12 0.0 20.0
13 0.0 2.0
14 0.0 1.0
15 0.0 1.0
16 0.0 1.0
17 0.0 1.0
18 0.0 4.9E-324
19 0.0 1.0
20 0.0 4.9E-324
21 0.0031428563170049807 0.9998375035837138
22 3.705271999999996E-5 0.24392422932499996
23 5.962562570359999E-11 8.417397056953507E-4
24 0.0 1.0
25 0.0 4.9E-324
26 0.0 4.9E-324
27 0.0 4.9E-324
28 0.0 2.0
29 0.0 3.0
30 0.0 2.0
31 0.0 2.0
32 0.0 3.0
33 0.0 2.0
34 0.0 4.9E-324
