#featureNum 30
#minReqd -1.0
#maxReqd 1.0
0 0.0 16.0
1 0.8472978603872037 2.2335922215070942
2 0.0 0.6666666666666666
3 0.0 0.08282587128257325
4 0.0 4.9E-324
5 0.0 4.9E-324
6 3.0 707.0
7 0.009259259259259259 0.9946245881740937
8 0.03260869565217391 0.4444444444444444
9 0.0 4.9E-324
10 1.0 1.0
11 0.0 4.9E-324
12 5.0 14.0
13 1.0 1.0
14 0.0 1.0
15 0.0 4.9E-324
16 0.0 1.0
17 0.0 1.0
18 0.0 1.0
19 0.0 1.0
20 0.0 4.9E-324
21 0.0 1.0
22 0.0 4.9E-324
23 0.09789045843737854 0.6442977780897423
24 4.60733524E-4 0.002583205955999999
25 1.0212003264071968E-8 1.440386041861627E-7
26 0.0 1.0
27 0.0 4.9E-324
28 0.0 4.9E-324
29 0.0 4.9E-324
