0 1 0.044153228402137756
0 2 0.15636777877807617
1 2 0.2573462426662445
0 3 0.33532649278640747
1 3 0.07256437838077545
2 3 0.2535189986228943
0 4 0.044153228402137756
1 4 0.6000000238418579
2 4 0.2573462426662445
3 4 0.07256437838077545
0 5 0.16935674846172333
1 5 0.0071340277791023254
2 5 0.030100248754024506
3 5 0.03727348893880844
4 5 0.0071340277791023254
0 6 0.33532649278640747
1 6 0.07256437838077545
2 6 0.2535189986228943
3 6 0.6000000238418579
4 6 0.07256437838077545
5 6 0.03727348893880844
0 7 0.15092381834983826
1 7 0.03851848840713501
2 7 0.12180037796497345
3 7 0.05422240123152733
4 7 0.03851848840713501
5 7 0.12489549070596695
6 7 0.05422240123152733
